562 7473
8
32
36
96
29
12
35
22
1
15
94
90
49
96
60
17
24
67
9
98
51
62
51
78
97
93
39
98
3
89
87
48
37
80
64
2
21
52
86
1
100
76
51
88
5
16
84
71
70
92
31
54
91
41
7
81
27
48
16
7
100
12
75
7
25
66
68
40
25
43
76
67
64
20
81
57
48
48
93
10
55
13
54
50
45
48
79
43
100
47
12
65
13
6
16
92
82
25
94
86
11
78
14
78
42
47
36
7
26
83
48
20
43
59
97
57
61
77
89
17
48
42
47
44
9
87
16
56
39
71
65
22
41
79
75
70
22
51
32
79
52
83
60
98
1
31
89
37
11
22
3
87
64
55
79
32
95
8
66
6
9
90
30
81
85
47
62
6
23
23
89
52
36
95
43
84
29
4
46
18
62
18
96
27
44
41
46
79
41
95
67
21
2
66
93
9
43
11
62
66
22
24
2
83
8
53
31
52
78
98
34
26
54
33
79
70
55
39
20
7
41
74
80
21
50
4
97
78
96
97
87
89
4
38
73
37
93
13
29
21
3
49
74
96
100
55
77
90
20
9
29
16
36
45
10
18
67
28
16
32
81
13
60
74
65
35
63
25
62
68
44
55
81
29
75
32
38
85
58
21
80
100
16
25
82
59
67
4
31
95
67
41
79
15
34
100
24
41
23
75
13
5
81
55
34
6
33
17
85
22
2
96
98
69
74
71
53
54
72
98
66
75
93
54
99
11
57
80
6
46
31
23
35
11
61
36
23
50
43
17
30
86
28
85
69
56
23
85
9
44
88
56
81
9
56
78
25
65
79
22
79
97
23
59
57
40
32
97
46
6
83
97
46
81
9
65
61
58
70
8
32
18
54
65
1
92
39
35
95
48
61
52
87
54
93
60
41
61
80
94
29
56
92
8
85
75
61
62
49
8
59
19
3
37
84
60
71
22
17
15
65
35
47
12
68
19
67
82
14
13
39
14
73
59
90
7
30
91
23
26
90
51
94
18
41
14
77
89
7
35
45
86
26
46
13
57
74
83
20
66
61
47
48
43
85
23
81
78
59
52
78
8
72
80
96
42
83
66
31
68
85
70
27
1
33
31
32
92
20
64
52
96
99
20
35
19
99
97
2
70
21
5
32
51
65
4
98
90
51
15
15
5
42
82
34
88
46
43
85
41
97
79
61
63
74
13
9
76
63
46
44
14
50
79
12
2
16
91
10
79
100
21
96
62
62
46
47
90
93
96
93
12
72
95
33
5
44
65
86
3
95
7
57 133 85
221 310 35
24 497 23
247 242 86
98 437 6
111 471 50
413 96 59
508 138 51
297 168 27
11 96 82
230 487 68
338 440 46
519 309 73
435 313 16
131 495 6
2 240 74
24 336 62
484 390 89
4 160 85
162 447 21
15 220 96
233 350 41
448 163 45
405 150 97
292 454 12
297 154 53
281 390 33
404 499 95
277 502 87
525 349 16
58 64 85
497 154 54
45 224 27
203 519 47
24 536 62
320 334 46
158 129 92
399 274 23
460 108 26
288 280 95
496 189 83
436 517 44
520 41 67
274 8 16
151 226 28
487 540 21
68 404 89
545 227 32
392 123 11
257 137 89
173 228 89
422 160 59
257 543 14
298 65 46
125 543 58
509 11 61
139 455 47
444 77 22
66 111 90
537 465 18
287 58 22
508 550 19
436 529 68
306 53 40
331 380 54
246 221 78
559 267 36
234 128 66
83 253 90
549 254 33
152 516 34
325 127 68
194 168 6
158 241 31
404 108 3
473 483 55
309 451 53
430 54 71
81 198 90
503 382 98
17 462 29
385 55 66
408 364 79
278 256 56
123 447 32
171 409 28
541 246 55
356 212 47
337 343 15
101 198 5
125 22 54
498 102 55
412 462 40
419 539 66
52 451 28
281 372 80
390 1 42
229 102 84
559 311 45
250 331 63
271 86 71
366 272 49
526 256 96
94 93 97
464 460 60
360 136 39
248 395 49
127 306 17
264 4 64
337 192 3
100 9 1
392 410 2
475 286 75
60 235 94
410 162 22
521 72 84
346 297 45
481 492 53
230 277 30
527 324 46
381 161 24
171 268 47
332 298 9
238 138 93
317 508 29
117 178 24
454 538 49
365 364 42
356 410 12
536 385 69
479 350 35
376 41 33
269 109 68
145 69 62
6 297 49
360 313 15
506 141 26
364 476 54
43 528 77
173 199 79
456 479 62
484 2 11
366 551 72
222 189 84
168 434 17
174 473 23
332 543 93
409 82 18
232 256 82
59 388 62
76 373 96
197 137 29
292 132 11
256 251 77
528 392 54
57 281 23
518 259 18
36 215 69
289 207 99
231 291 58
541 289 16
211 499 31
455 295 49
218 446 99
245 164 94
527 47 90
342 435 28
412 358 27
150 517 23
139 104 19
144 401 24
459 45 46
3 190 10
423 384 44
444 562 74
325 338 9
72 426 10
20 442 24
51 353 90
509 227 21
546 390 45
13 92 98
307 470 15
103 483 47
368 189 60
510 335 88
304 33 49
376 491 81
562 455 72
535 554 30
3 389 3
108 134 66
9 261 2
62 90 32
322 395 7
374 202 77
133 14 62
112 354 44
474 8 61
111 422 3
541 312 58
222 19 96
542 302 68
368 388 37
222 484 73
552 505 56
218 57 82
26 502 44
450 204 41
285 48 16
132 25 60
523 504 70
443 179 95
477 244 73
11 185 11
316 478 21
234 286 10
136 505 13
187 367 52
415 119 96
535 59 56
352 179 1
138 160 98
95 156 62
489 303 35
76 116 41
292 211 8
15 399 13
135 509 12
189 39 76
353 449 72
16 119 54
117 12 63
155 461 43
25 502 21
505 241 14
25 190 23
349 372 5
423 430 93
529 286 3
60 398 46
186 440 86
496 491 80
48 419 44
181 470 83
100 115 92
354 289 48
425 435 47
320 248 24
499 451 61
34 255 36
95 455 91
431 84 72
40 20 79
129 161 58
209 152 13
156 289 22
411 175 36
52 128 6
535 400 61
467 21 20
410 319 88
358 462 30
73 334 21
409 166 90
174 238 37
504 501 4
347 122 83
404 193 4
540 392 60
19 164 26
311 518 46
419 375 82
188 33 88
200 338 10
293 176 63
514 43 53
14 557 93
236 412 63
52 459 84
72 14 9
210 447 57
489 431 94
288 365 78
295 461 29
209 15 42
513 249 28
5 97 30
351 253 17
408 531 39
288 548 87
283 162 90
339 295 22
208 440 62
538 226 58
277 211 40
211 97 10
541 405 40
328 60 12
2 381 37
402 404 81
135 42 69
319 342 81
322 172 26
106 267 26
212 164 44
72 283 77
310 77 22
93 338 74
288 496 3
250 354 14
201 250 100
94 4 26
433 418 38
493 332 48
15 241 7
280 195 46
176 503 9
441 225 97
224 478 63
512 272 8
315 263 56
387 194 49
48 136 89
245 412 19
474 176 54
164 547 37
508 535 7
535 178 28
203 131 44
103 443 95
355 455 31
428 142 61
397 431 41
505 504 31
166 364 74
366 207 89
537 527 82
256 246 18
249 542 20
207 254 51
133 399 38
398 465 1
491 312 100
225 347 9
163 418 47
204 78 41
181 506 19
100 144 39
430 186 12
34 453 63
498 370 91
94 148 73
346 444 14
467 263 73
557 232 63
348 216 93
3 210 18
170 234 95
297 55 7
342 77 55
101 19 61
221 264 3
427 315 16
395 265 23
380 308 22
4 91 68
533 223 1
409 90 38
7 276 85
91 251 77
274 320 32
390 194 42
145 443 60
134 402 50
496 237 48
475 152 17
44 356 13
550 522 61
488 385 5
325 411 82
409 412 9
372 35 65
204 266 38
547 253 28
342 111 81
414 241 24
401 555 53
530 138 9
190 511 2
508 518 79
65 321 29
288 408 77
423 86 68
219 334 49
142 218 28
33 130 9
160 454 69
49 560 60
37 294 16
354 68 3
117 125 12
345 1 80
191 559 87
530 506 57
474 281 87
366 114 73
149 384 50
14 105 82
80 180 2
329 347 65
254 412 80
249 292 62
320 157 65
18 403 32
390 304 37
98 122 70
554 560 3
107 434 70
238 42 62
341 504 66
311 214 39
109 7 39
326 213 52
147 535 27
54 193 71
423 278 46
258 349 87
393 445 29
16 314 85
139 9 13
48 437 64
37 75 47
144 280 95
54 300 2
397 520 13
532 554 51
98 234 75
139 520 70
512 553 20
409 198 67
314 144 1
282 492 65
516 275 1
222 72 3
181 215 64
439 404 32
531 364 89
258 252 15
336 476 87
371 110 99
114 77 8
246 494 72
146 454 80
216 173 47
255 485 69
268 361 18
111 314 50
445 352 67
4 554 66
94 503 73
93 37 4
18 508 36
133 476 47
406 504 77
327 250 72
368 73 31
554 255 72
7 125 92
158 388 70
337 122 69
241 390 67
507 550 45
139 41 69
364 537 31
178 144 6
16 111 72
20 173 5
340 263 95
435 534 53
446 88 80
155 465 54
297 80 25
54 303 48
209 260 31
213 32 38
464 444 43
285 330 10
343 501 55
166 385 38
253 430 7
515 109 49
315 212 1
65 7 91
232 562 72
178 276 90
440 131 44
450 186 42
176 192 50
117 349 71
143 504 72
155 166 15
78 2 71
118 376 5
494 512 49
358 537 99
289 336 41
349 472 65
347 350 53
472 428 23
292 439 45
40 85 65
223 514 55
114 83 76
211 64 26
115 102 42
58 437 88
293 503 16
444 99 85
202 255 87
359 368 4
422 267 75
471 120 21
539 547 20
542 219 47
162 199 24
151 117 91
298 337 83
377 550 40
220 193 97
203 345 7
53 113 35
36 195 46
348 283 6
405 541 16
459 37 43
535 545 17
487 36 13
229 504 32
420 255 41
134 543 87
257 105 48
145 377 60
5 459 76
415 151 46
363 219 44
472 191 7
32 93 82
213 329 82
507 322 60
50 429 60
531 117 60
546 234 86
135 523 1
77 5 21
330 171 75
532 474 79
167 80 3
510 383 46
491 122 90
460 497 72
538 210 34
32 458 55
433 454 95
264 16 69
433 178 18
185 340 55
169 324 94
131 204 63
501 265 48
539 175 94
134 137 50
170 525 20
296 13 64
436 409 9
297 419 84
192 303 100
539 155 33
328 352 24
47 189 44
28 368 92
59 106 12
145 470 44
453 20 18
124 158 69
147 542 87
356 140 18
219 222 92
262 435 5
176 8 95
257 556 76
7 451 19
36 559 1
146 249 76
85 80 79
299 484 30
264 206 37
416 424 10
494 159 21
273 155 64
73 44 5
474 368 26
488 155 78
444 82 20
145 392 52
273 405 39
153 361 15
406 551 26
111 148 95
325 291 41
500 529 65
473 251 77
20 292 88
284 112 85
382 49 94
124 388 89
77 5 74
20 169 57
460 398 55
183 394 25
116 343 53
520 188 47
443 82 2
278 64 56
358 425 63
436 104 67
468 501 44
448 35 27
122 128 78
340 194 46
466 537 21
556 29 68
504 283 64
76 323 100
116 511 1
180 396 85
324 116 19
204 247 35
438 299 58
226 54 42
303 40 76
44 371 3
150 64 22
524 136 97
84 315 38
559 406 42
156 326 49
533 523 37
294 398 89
539 221 74
443 490 88
1 323 47
512 244 97
87 134 61
246 559 1
130 46 60
229 36 86
261 184 48
228 515 95
115 59 24
441 527 89
118 142 64
227 463 49
406 467 73
125 529 79
545 165 20
41 328 56
301 146 13
3 315 2
187 492 73
375 499 80
104 484 92
412 22 50
276 7 91
279 250 45
313 521 93
374 414 47
112 450 12
50 286 81
324 495 41
237 9 51
507 235 2
496 485 76
493 355 79
18 99 30
485 539 53
82 406 73
341 56 16
136 383 61
422 10 82
400 83 24
420 315 66
562 2 88
8 88 31
417 522 77
19 154 79
4 314 78
429 529 74
468 131 84
491 537 71
190 221 20
15 280 98
328 77 93
110 196 87
87 340 28
446 410 58
513 290 5
440 71 30
307 238 74
301 294 27
50 516 28
210 360 71
250 479 51
136 4 25
25 174 33
201 106 71
471 191 85
90 540 62
540 199 87
180 532 2
333 467 97
424 145 68
390 392 44
238 458 28
15 37 7
549 5 57
186 433 80
374 199 87
539 231 49
14 329 82
468 374 85
464 166 13
520 370 84
224 146 43
508 138 56
470 164 11
422 504 16
106 59 9
258 331 6
474 473 79
466 350 96
394 79 11
81 107 71
72 178 99
22 92 1
535 245 55
453 275 57
409 387 13
318 177 70
190 433 92
265 105 88
65 457 23
368 188 20
464 1 83
77 534 50
98 138 76
63 29 21
324 481 88
498 501 52
461 186 68
553 392 51
553 301 16
486 293 67
46 502 95
294 40 9
352 556 47
169 384 33
214 81 32
163 175 55
500 13 97
439 321 98
301 538 34
519 55 97
36 233 24
3 124 90
365 58 29
282 542 84
487 94 61
518 254 21
153 232 76
555 454 99
203 552 78
219 64 61
330 511 61
344 369 46
34 432 43
75 417 77
188 158 100
306 134 32
408 429 60
169 114 53
104 558 23
131 481 91
509 511 27
207 161 72
532 90 41
204 222 62
207 117 40
2 419 28
453 142 7
214 296 96
500 292 30
552 106 47
39 59 20
311 205 73
11 508 47
410 473 80
171 51 37
311 66 94
40 478 50
329 191 76
152 288 95
519 496 52
156 249 48
274 315 83
8 15 92
408 330 78
267 33 89
13 293 99
122 46 68
162 427 70
310 166 29
273 270 6
292 246 52
110 410 28
410 340 66
163 101 77
50 145 61
176 335 18
3 168 20
293 418 43
190 212 10
24 439 97
122 484 47
55 431 24
254 298 11
149 157 77
67 35 12
220 270 48
479 528 1
400 353 9
110 294 97
66 458 25
365 7 84
552 261 47
416 332 53
373 221 71
392 354 24
207 152 97
269 436 59
169 195 25
146 353 37
424 428 60
171 167 8
514 407 80
42 45 98
509 207 50
211 108 21
249 62 4
107 218 54
49 497 58
179 377 85
436 122 93
370 236 84
237 316 2
268 359 46
545 269 53
499 249 1
222 130 100
172 403 5
140 216 78
385 186 2
554 412 91
512 228 27
47 559 84
49 158 41
274 414 28
376 288 76
340 441 48
380 221 68
301 95 97
530 246 9
446 530 98
308 555 62
240 497 9
111 205 1
296 2 71
332 547 36
244 347 36
295 419 75
152 242 2
61 463 45
231 31 25
6 62 73
534 351 62
342 185 4
127 394 27
323 193 85
540 547 68
487 277 30
534 210 53
495 6 72
177 333 4
179 364 73
19 560 45
448 215 19
562 173 26
353 115 76
494 117 99
472 422 49
17 480 28
120 106 69
450 194 66
301 18 63
471 327 86
226 349 37
169 304 74
349 442 49
9 370 42
153 483 75
402 5 86
336 318 64
454 366 2
532 429 82
434 390 4
14 183 19
450 480 49
515 113 40
122 409 90
152 345 69
316 353 23
473 542 2
419 383 43
324 69 69
39 169 20
413 244 38
327 413 93
79 476 26
127 219 53
32 193 29
261 353 100
93 411 49
190 220 87
258 456 7
274 255 10
472 218 49
526 168 8
552 381 60
73 2 20
343 132 59
37 14 27
279 103 85
66 127 7
152 164 15
108 481 13
499 470 39
159 315 51
12 483 35
439 2 78
423 42 42
281 443 30
241 97 5
84 66 2
510 229 12
232 31 89
454 5 81
466 393 95
338 218 67
516 429 33
139 323 17
503 405 19
473 158 55
47 371 29
131 195 88
343 107 90
65 246 98
152 45 48
13 463 93
57 422 46
448 521 62
460 457 88
467 387 41
350 538 84
361 180 77
440 353 97
326 436 62
251 491 90
93 232 11
28 476 74
69 215 7
102 252 26
52 315 42
501 114 24
87 113 84
141 106 34
43 156 90
362 390 97
67 396 68
498 294 76
65 46 36
245 456 65
224 470 38
176 248 20
196 244 45
362 246 5
110 249 19
173 512 91
391 28 76
499 460 1
209 29 59
362 61 51
162 139 76
466 393 69
447 246 78
338 116 1
50 164 69
275 520 33
305 50 67
441 360 51
150 285 40
557 145 48
104 276 94
288 359 83
182 423 53
198 46 79
398 385 23
85 266 46
356 231 69
34 433 88
493 278 90
547 301 83
175 130 67
433 273 4
260 412 14
28 154 36
497 387 28
50 180 17
22 28 60
82 382 48
431 107 90
345 467 76
92 5 71
517 77 43
517 561 40
287 480 89
2 282 53
332 519 77
125 22 23
2 290 6
124 457 71
194 214 29
425 352 45
76 308 84
453 498 75
325 145 90
2 546 2
90 215 95
14 536 28
68 189 92
253 530 67
496 517 24
334 181 48
47 200 5
194 217 37
384 539 64
319 35 41
113 528 23
314 55 13
116 35 88
272 264 17
407 367 21
215 82 97
415 73 68
270 125 83
29 532 93
149 128 66
85 136 83
322 280 37
478 459 66
195 106 96
206 292 64
331 391 28
88 538 26
313 56 60
273 240 49
317 382 14
127 407 11
543 412 57
132 300 84
495 496 41
340 475 39
298 79 94
374 113 68
409 529 51
234 50 14
232 127 73
56 92 38
82 287 50
447 250 6
25 245 2
298 12 77
146 83 38
239 49 45
392 534 1
420 368 44
265 165 70
209 161 68
152 350 68
190 58 99
55 30 42
251 141 70
299 327 71
146 71 34
382 189 30
341 208 3
407 541 61
61 351 67
190 109 79
163 29 52
391 270 99
126 460 79
309 426 78
143 359 84
511 496 8
9 487 42
109 281 72
243 349 40
445 304 62
410 63 47
346 458 13
487 278 41
194 417 82
315 425 5
338 50 43
93 394 27
539 271 78
399 155 15
82 264 26
538 236 43
30 478 30
9 442 32
265 140 96
386 387 38
28 354 87
325 177 45
170 380 11
492 439 58
292 49 91
522 204 10
159 92 48
284 445 52
106 220 59
217 76 78
112 376 12
275 68 17
60 390 5
265 161 71
546 359 3
105 94 24
217 83 30
322 154 99
186 457 7
263 333 45
500 163 90
411 145 6
436 72 43
485 212 83
315 5 20
74 525 13
338 517 11
365 224 53
92 196 8
502 430 86
523 105 18
54 196 79
400 283 17
459 109 24
436 244 6
3 290 77
377 273 49
67 368 81
104 522 65
415 76 25
483 3 16
337 386 37
372 195 96
380 518 82
343 378 65
6 49 62
459 419 58
427 476 84
74 250 42
251 325 71
39 89 6
107 459 8
307 67 83
383 375 94
511 375 76
560 217 13
318 545 3
413 356 60
256 553 67
1 464 29
241 535 17
57 117 63
405 434 21
71 112 47
65 540 30
75 260 88
154 123 39
304 321 73
169 116 45
507 260 60
409 220 77
359 179 82
510 370 100
182 141 5
180 521 22
555 247 19
328 412 29
166 536 32
57 498 55
175 324 86
345 151 41
459 386 48
131 32 81
373 515 62
329 94 80
446 505 36
116 545 83
182 299 48
540 225 100
18 127 87
9 214 13
286 263 20
215 45 49
342 545 67
541 129 71
183 354 27
303 138 50
552 205 15
355 418 87
207 253 63
1 133 49
88 557 56
10 536 32
520 464 56
438 228 62
236 397 64
431 261 27
136 25 91
138 234 54
245 251 74
372 457 88
459 132 10
471 312 36
504 225 52
348 232 56
286 368 31
189 253 87
212 231 18
10 62 75
485 280 91
73 554 75
552 242 54
560 173 15
471 542 6
123 195 57
508 258 84
293 348 17
354 551 68
355 347 60
148 49 42
464 456 85
488 506 11
241 279 4
124 84 45
344 370 41
189 361 67
213 175 14
215 79 26
143 117 26
151 4 81
479 204 69
34 299 29
317 432 97
355 460 73
144 429 15
107 116 40
470 526 78
562 352 31
391 488 72
321 32 78
451 174 95
71 313 3
434 377 55
117 19 59
235 37 82
325 560 93
483 40 81
300 92 93
98 462 67
532 499 85
236 413 90
377 262 79
109 482 33
154 473 46
43 468 86
142 326 83
255 523 56
296 357 66
369 371 11
491 161 84
2 206 11
90 321 50
438 50 1
110 22 56
364 377 94
81 39 25
143 72 35
79 48 98
449 329 58
7 388 44
322 282 93
164 235 85
505 465 6
221 345 19
63 388 75
192 341 1
84 213 7
184 398 25
400 362 40
377 145 96
315 280 27
73 397 51
322 174 20
216 321 93
203 447 79
128 22 26
406 254 50
207 66 12
44 163 26
279 376 40
13 273 62
204 393 84
530 190 82
490 173 12
376 418 30
404 231 79
92 98 23
105 255 33
352 202 55
291 386 25
289 263 46
35 11 22
214 193 45
467 109 7
543 94 16
80 279 3
356 352 83
506 404 90
324 495 37
265 97 77
548 39 42
145 479 98
370 246 14
65 234 21
272 502 15
246 29 33
335 2 39
185 99 41
506 325 57
339 157 79
560 470 16
530 314 92
417 351 19
269 393 6
384 241 3
552 245 63
168 530 21
217 503 89
471 372 66
128 58 49
285 178 40
375 479 25
455 328 38
539 166 16
151 173 19
169 547 78
171 86 64
412 297 77
493 404 77
306 133 37
479 392 54
28 215 14
526 487 30
407 295 99
424 503 69
531 107 7
5 112 6
547 168 28
259 270 49
455 48 37
82 220 55
122 210 29
36 429 70
510 496 67
38 141 54
21 144 8
390 153 78
108 111 30
435 424 38
430 259 7
132 537 60
561 36 34
15 442 63
322 311 52
23 9 75
85 426 4
271 537 65
238 390 99
300 545 22
557 168 46
253 474 57
119 224 44
80 160 72
384 223 72
142 311 26
136 334 74
204 27 73
250 126 39
215 439 95
90 14 65
245 114 65
358 229 90
443 186 87
310 504 54
115 300 82
516 452 71
411 367 40
78 424 24
317 54 26
426 34 56
235 210 56
103 37 79
293 422 48
10 413 84
126 223 70
136 201 95
549 359 33
215 100 99
189 237 71
275 382 48
357 407 86
559 186 89
277 227 25
200 516 79
223 528 61
392 19 91
185 88 67
526 546 10
84 554 20
104 192 56
245 28 61
298 226 49
558 174 7
402 535 83
263 119 63
86 401 78
302 40 6
556 29 96
511 395 96
319 285 41
397 507 17
468 448 6
559 1 35
359 53 81
156 315 18
174 220 31
205 370 67
159 109 24
542 221 70
290 393 87
227 388 75
19 101 81
82 281 90
185 18 87
400 7 96
473 187 39
391 424 9
278 142 19
206 492 53
541 300 9
18 439 15
160 391 42
203 282 75
31 95 56
205 239 83
497 487 44
101 524 62
356 529 60
166 79 98
188 46 88
414 284 62
227 195 68
42 391 89
130 41 78
397 151 44
537 154 52
22 323 85
447 63 47
60 47 84
205 448 22
435 29 5
119 60 79
460 542 10
47 167 63
443 48 99
120 458 54
74 133 79
143 23 83
402 56 18
402 436 97
511 15 29
422 310 18
471 295 2
331 495 25
309 125 6
129 338 24
38 382 4
511 201 24
321 478 99
484 111 40
185 529 42
177 383 68
557 176 73
551 232 2
311 257 87
457 228 21
393 542 6
423 207 76
562 266 93
71 122 45
14 260 58
70 10 28
54 451 22
55 402 11
190 222 45
287 408 15
64 314 39
225 483 39
30 21 73
274 146 55
279 160 40
557 9 32
292 440 97
64 280 12
83 219 85
409 509 71
280 182 70
112 113 19
396 382 78
180 47 64
83 464 76
386 227 34
491 428 42
99 255 83
224 321 73
271 433 70
40 39 57
541 60 15
113 355 11
128 80 75
488 561 4
315 434 61
253 78 81
77 116 53
181 386 6
362 460 71
230 495 66
264 503 52
161 544 45
416 310 74
316 201 98
383 478 79
107 204 22
395 198 90
215 395 38
382 313 85
210 70 86
202 450 40
96 302 34
395 7 47
368 463 28
175 69 38
193 363 13
398 306 83
225 525 2
138 232 29
381 507 23
282 324 43
395 525 30
317 225 23
507 312 73
414 175 59
284 501 56
181 427 55
344 435 77
10 172 22
405 175 93
346 37 53
374 447 61
28 481 35
163 255 1
29 411 17
552 550 37
407 385 55
403 106 88
143 7 86
197 28 17
208 168 83
35 550 35
359 265 59
359 44 23
431 324 97
172 90 9
27 329 96
233 71 54
356 39 7
442 422 98
328 483 17
129 399 67
31 427 15
287 311 37
29 205 39
234 444 55
127 286 49
556 561 33
379 361 68
407 394 87
264 364 56
392 154 83
323 296 46
470 280 9
52 65 14
456 94 6
471 300 45
357 483 54
77 370 55
64 319 53
228 73 2
38 556 5
108 113 76
348 100 33
208 313 32
440 460 62
548 343 54
45 493 79
229 451 44
256 198 68
229 502 9
225 98 95
22 303 3
247 200 96
164 100 96
74 68 27
409 47 16
55 433 35
506 265 54
493 510 91
26 220 18
218 96 86
99 257 57
171 241 7
411 249 22
284 104 85
431 140 62
203 258 79
372 269 65
60 314 75
472 77 75
499 275 58
142 500 32
517 75 26
252 67 15
249 51 95
109 273 6
408 358 21
130 49 22
399 69 40
364 389 39
421 310 54
393 460 61
30 217 94
360 412 39
382 504 51
280 161 67
134 223 57
448 283 96
507 371 18
87 135 53
329 402 60
81 125 76
56 426 26
184 478 24
270 105 70
459 438 18
234 85 42
221 58 2
206 496 50
107 390 58
507 272 66
220 247 28
204 242 92
344 401 97
138 271 61
383 531 77
446 290 48
353 548 25
378 413 42
344 473 73
160 197 56
340 63 93
42 519 52
141 233 94
356 475 79
419 250 83
175 308 56
164 359 24
365 494 59
435 217 20
182 274 21
113 524 65
414 224 66
167 270 99
441 120 62
212 524 15
181 353 28
134 516 59
227 407 3
9 53 18
243 491 17
176 363 36
366 76 12
406 155 38
201 352 94
46 208 16
12 335 28
206 434 55
477 549 67
196 21 39
180 283 14
502 201 66
283 44 23
69 503 86
114 317 32
72 56 45
226 38 88
439 543 86
158 53 71
350 532 34
121 181 82
441 201 12
511 13 59
522 52 52
454 162 22
9 508 85
203 206 63
303 529 63
204 444 78
310 61 57
496 228 21
348 356 6
372 91 44
536 135 42
372 298 3
136 278 79
377 562 75
426 157 80
427 78 78
96 422 60
295 176 41
106 105 54
27 199 37
73 308 87
448 241 25
509 218 95
238 170 46
353 455 16
493 398 66
78 97 46
160 512 95
193 12 72
205 101 95
222 62 15
161 412 77
321 540 73
341 18 65
58 465 39
37 469 13
77 241 20
305 31 3
95 4 36
220 169 1
400 381 50
244 537 53
187 82 99
137 73 87
57 61 13
77 378 91
435 393 1
227 555 25
523 87 98
327 221 84
315 274 100
201 541 80
58 102 92
301 507 54
434 267 67
42 322 95
309 325 59
167 133 97
459 222 90
490 338 82
457 353 10
214 240 27
448 2 43
90 316 82
257 11 48
430 58 10
267 469 42
80 398 99
344 310 41
390 247 90
348 442 80
81 538 79
69 274 19
536 198 69
228 23 55
287 427 16
377 78 58
11 279 30
4 294 39
403 347 60
489 391 74
117 90 38
543 256 90
236 199 94
154 309 13
61 4 7
110 126 97
179 490 52
381 76 98
121 216 70
313 387 86
107 520 81
439 516 92
434 396 24
368 141 97
554 446 35
459 311 27
147 415 79
412 59 56
467 534 54
499 555 100
225 312 42
332 73 36
375 427 87
348 104 69
416 326 87
96 391 76
326 130 55
239 106 84
427 366 17
313 244 49
88 291 66
184 213 61
12 120 61
257 83 6
216 236 18
86 199 40
493 59 77
25 262 8
399 443 80
355 82 63
551 468 61
533 466 7
35 155 41
41 329 74
324 148 34
364 508 82
33 324 79
43 71 79
29 178 19
533 335 2
388 559 25
51 33 85
458 454 88
41 385 89
136 313 38
109 535 16
167 431 18
96 255 53
221 307 10
45 374 75
171 378 18
232 64 76
508 392 16
267 64 75
274 355 98
549 212 48
551 233 83
194 320 91
445 515 12
409 283 42
232 244 74
267 172 70
529 81 7
145 282 89
344 48 43
448 222 83
428 277 68
289 402 44
538 546 78
553 448 39
484 403 58
431 20 20
444 296 10
434 81 62
229 551 82
470 550 36
349 275 52
64 84 8
57 365 26
19 463 88
303 421 14
202 479 90
532 519 79
311 209 90
226 246 25
520 319 22
100 7 21
446 8 83
413 149 54
280 373 25
260 550 66
558 560 67
85 300 74
468 481 64
269 387 11
132 289 3
503 530 11
75 357 94
243 80 56
483 50 11
541 454 31
449 465 54
439 533 59
499 268 75
300 90 38
79 358 13
424 419 97
454 294 11
73 21 31
75 250 75
4 177 58
331 88 73
417 15 91
219 270 91
505 517 13
239 123 4
328 125 99
470 166 79
200 71 87
559 493 81
6 86 71
553 133 10
276 533 55
301 537 71
260 24 45
561 228 2
420 81 77
155 145 33
103 218 41
253 508 58
482 91 98
48 549 7
105 443 77
480 15 76
5 92 10
180 386 55
205 57 81
388 340 24
524 393 96
89 222 73
136 226 62
450 438 32
64 403 91
415 149 81
472 494 16
190 36 20
27 299 70
179 284 78
315 487 58
173 274 63
366 437 28
224 71 24
370 163 93
392 307 63
49 152 34
38 475 20
306 109 37
239 238 56
222 139 16
135 544 52
275 337 70
440 492 28
79 466 56
448 354 91
136 383 75
51 392 40
163 379 4
391 442 62
422 350 15
352 30 83
245 330 93
264 170 50
34 71 45
92 500 21
496 307 46
427 287 22
244 465 77
437 481 42
178 317 33
508 143 44
65 78 74
488 444 43
121 475 65
235 177 71
192 436 27
171 438 83
182 151 28
552 557 35
33 42 92
81 240 6
194 47 53
65 50 33
174 157 28
397 429 20
259 107 14
346 553 10
165 89 91
108 205 94
366 503 4
413 63 68
188 319 69
355 298 33
314 242 37
271 358 50
247 265 56
236 513 57
282 124 81
233 443 22
384 439 79
238 458 72
513 390 33
314 508 75
443 330 81
304 550 89
378 315 15
262 82 38
360 395 93
18 255 71
186 122 52
217 100 35
559 333 47
418 379 38
140 329 59
300 259 48
295 267 12
243 299 51
149 345 63
414 240 41
247 54 10
90 39 53
414 420 54
520 11 38
278 352 72
317 33 91
468 214 77
400 119 12
89 257 6
19 464 59
41 142 90
530 8 18
127 515 96
475 30 56
227 133 83
8 541 84
185 3 6
438 70 31
461 322 30
358 73 61
122 111 20
360 1 91
37 35 60
133 475 92
32 199 53
225 235 6
250 33 88
562 383 52
137 153 53
259 38 10
322 173 64
243 552 67
269 90 49
449 546 13
256 66 13
258 169 66
110 109 67
215 343 100
414 296 61
484 173 99
427 237 82
283 404 91
360 43 99
453 69 96
442 552 74
464 384 25
33 465 69
365 204 35
352 445 40
250 471 94
198 251 74
84 119 64
173 97 98
532 426 69
55 83 92
319 58 18
286 87 81
370 155 100
537 400 3
127 371 9
322 195 38
222 426 54
489 256 89
514 145 40
446 197 35
114 204 40
227 166 84
9 444 28
260 446 54
218 92 9
34 65 89
552 310 96
356 270 98
152 329 56
261 474 71
247 257 82
438 344 67
7 455 79
274 304 43
453 218 95
467 495 60
82 170 3
218 414 88
451 239 66
65 1 20
440 110 42
249 30 97
499 28 100
344 340 66
547 503 67
73 475 92
389 294 83
226 119 62
129 62 37
121 535 19
451 553 64
142 359 88
401 111 24
253 277 16
180 243 42
427 235 35
165 156 33
97 18 95
248 332 50
382 331 48
163 15 99
479 556 67
409 361 39
449 411 42
481 278 67
92 49 56
93 498 20
490 188 60
307 137 93
207 407 35
435 189 95
253 51 3
85 366 26
463 209 51
379 27 7
382 559 42
251 379 30
489 464 73
63 127 94
548 137 55
478 315 48
242 49 33
14 396 85
181 394 33
515 499 69
508 81 94
478 348 99
122 123 56
341 258 58
245 250 8
488 123 95
421 334 54
138 101 98
41 526 79
381 88 16
312 446 48
516 116 76
455 403 75
107 240 53
320 233 99
28 391 25
257 235 17
29 255 49
320 324 85
142 24 8
467 432 64
278 362 80
304 319 93
67 35 40
312 315 76
396 114 79
245 298 29
48 277 91
294 327 71
514 274 46
40 514 21
134 210 4
123 544 79
233 213 80
529 243 26
251 219 31
311 260 18
488 222 66
417 274 23
527 222 32
39 243 23
403 436 3
342 534 55
220 415 40
494 13 28
562 303 79
120 108 36
388 326 63
562 309 35
189 474 68
434 45 17
401 166 28
135 16 41
537 327 67
529 340 74
350 355 94
408 61 28
407 476 16
264 234 12
2 295 22
76 225 19
560 432 81
173 14 99
259 320 58
496 415 90
555 334 34
394 117 31
527 218 40
540 122 75
89 76 71
499 140 35
356 66 58
250 442 78
450 339 34
43 47 46
503 549 28
65 270 28
546 363 59
546 180 89
475 27 89
300 452 14
30 92 37
33 264 86
196 168 94
246 273 100
235 170 99
182 139 80
274 28 96
140 387 100
562 378 28
277 182 33
170 6 59
259 458 1
244 438 73
428 300 76
490 315 43
538 548 23
305 205 70
325 255 42
423 118 47
377 431 10
429 12 12
18 503 83
347 470 41
103 454 25
197 192 12
75 381 10
279 409 30
328 74 41
465 102 97
476 205 31
99 92 35
43 436 69
207 495 4
461 276 80
487 309 17
419 438 83
135 5 5
525 294 4
78 312 87
436 354 98
176 28 52
229 114 21
356 14 52
293 484 44
528 365 44
250 293 61
361 28 13
81 9 70
233 2 27
493 486 90
342 530 58
556 220 49
156 64 74
278 463 65
444 448 42
552 268 90
353 99 64
430 144 97
103 184 7
219 313 95
10 68 90
55 113 87
379 232 29
202 279 29
27 6 20
536 273 29
380 283 79
260 47 53
363 308 93
229 474 50
274 105 76
418 306 54
216 543 44
124 272 15
459 313 28
399 349 52
480 272 35
145 71 70
129 528 99
87 301 94
119 158 97
305 462 31
528 16 7
108 506 97
346 159 13
225 464 41
287 263 90
505 83 28
155 375 31
2 59 11
133 489 62
280 12 7
188 36 100
32 252 4
303 12 2
527 339 92
412 133 48
367 120 7
393 222 86
171 125 72
384 70 87
153 443 19
72 109 16
500 409 56
35 306 18
267 260 52
125 72 25
66 202 4
324 507 100
344 469 38
90 216 29
553 452 80
105 541 49
539 152 82
489 299 34
416 280 40
95 437 70
364 461 60
72 78 32
22 339 28
383 131 57
189 55 26
139 448 75
84 251 61
371 528 6
330 492 89
416 112 22
2 42 43
409 529 96
43 363 91
523 217 13
456 304 77
65 156 99
313 39 6
479 213 29
6 344 22
82 462 16
391 48 98
466 95 79
355 335 54
371 405 64
493 120 53
323 473 52
398 401 42
370 76 40
450 165 10
251 426 78
8 346 37
305 116 93
530 54 60
351 268 80
72 283 7
386 346 16
295 80 17
356 524 26
234 314 80
471 161 28
104 93 85
462 252 10
202 533 91
342 185 38
394 263 67
174 549 99
445 555 71
527 17 4
499 222 6
495 253 41
301 306 46
184 189 94
264 154 94
489 252 25
29 38 79
118 21 45
183 345 85
328 396 92
144 261 9
318 414 86
159 298 90
270 85 59
309 408 100
434 219 10
280 356 32
212 7 39
194 258 5
67 421 30
278 556 91
176 125 5
181 452 7
450 58 53
559 69 2
88 393 53
506 390 35
240 277 52
468 168 94
102 548 30
355 223 5
523 3 72
528 525 66
81 546 88
64 501 55
52 371 82
207 7 72
63 257 21
269 382 33
155 130 39
29 500 16
356 137 83
516 187 62
156 116 87
545 515 15
343 42 81
98 335 69
98 262 53
265 68 32
97 79 4
143 44 41
203 57 88
196 393 58
381 448 14
398 92 55
22 448 88
144 300 12
517 169 74
24 424 70
90 426 69
282 526 91
377 182 48
262 483 2
107 457 45
423 482 45
251 162 54
422 243 33
452 241 24
426 435 59
109 349 29
531 352 50
61 134 5
159 466 29
541 410 55
53 463 20
361 427 80
345 281 26
88 493 14
151 334 97
118 38 29
357 184 2
441 311 92
347 431 55
518 500 1
7 41 79
467 152 19
47 342 36
454 198 32
380 520 97
48 331 64
142 203 9
343 557 65
495 376 55
298 539 68
349 479 41
194 473 76
516 20 55
556 362 95
246 105 94
324 145 99
484 216 92
26 168 54
456 296 69
293 273 26
83 21 25
425 109 90
381 529 62
246 281 93
108 184 11
95 361 22
127 469 24
522 524 84
77 435 49
240 449 39
462 368 89
159 458 55
83 351 49
36 244 14
309 438 79
479 201 30
56 63 93
273 413 14
101 277 95
454 14 51
447 347 28
527 297 8
256 331 94
359 233 60
547 468 86
508 163 59
367 235 49
308 418 34
120 175 35
237 467 86
24 219 93
518 361 57
440 104 77
251 551 78
288 184 6
184 154 62
68 85 22
409 49 30
543 390 79
40 522 69
436 361 63
435 452 96
330 524 40
86 265 27
218 384 29
395 21 77
357 278 16
561 22 90
328 126 73
480 49 65
372 391 75
376 448 65
549 381 70
156 52 97
540 358 73
454 63 15
362 66 84
9 329 23
138 345 13
395 406 88
314 347 68
56 261 88
28 249 5
96 267 61
141 88 6
259 203 93
122 140 74
424 59 71
133 500 7
81 458 100
61 139 45
558 550 75
32 349 81
272 27 25
321 73 68
387 379 80
163 486 36
54 398 28
171 157 79
6 212 91
495 125 53
408 17 71
371 228 17
233 167 80
31 173 70
345 206 61
104 19 49
387 396 18
485 85 32
97 51 8
170 152 32
476 171 90
143 106 59
111 288 35
68 150 45
357 251 1
241 505 36
226 418 45
282 142 78
141 180 21
378 558 7
88 550 48
430 415 89
479 541 62
41 399 75
330 327 72
36 330 33
315 372 27
257 35 83
260 10 9
376 479 35
66 141 43
368 519 88
288 398 28
205 274 18
179 221 10
508 384 23
144 380 32
393 438 29
518 560 19
482 450 21
117 449 60
75 436 14
185 388 58
439 246 94
240 403 33
416 33 66
358 495 62
454 378 94
155 501 13
103 410 89
478 437 73
427 434 22
282 431 27
267 336 25
126 256 2
247 347 5
184 266 18
231 384 70
126 433 9
465 274 32
345 279 80
505 33 5
461 423 79
34 76 49
93 279 23
108 478 35
94 402 21
287 84 66
431 450 53
186 311 29
136 335 87
76 366 77
73 112 75
404 10 2
320 251 69
415 99 91
92 235 60
543 440 36
350 428 36
541 378 9
505 65 32
85 281 28
129 149 9
133 554 62
2 226 78
120 99 10
449 486 34
558 152 44
460 311 23
143 555 5
101 192 44
171 468 5
518 216 9
421 116 6
554 206 50
476 350 98
356 112 7
114 72 77
522 317 32
122 280 92
363 371 57
377 489 69
184 337 50
87 65 30
127 25 41
99 185 78
36 277 35
14 488 100
276 290 64
486 421 45
465 180 9
31 351 26
377 380 61
255 554 79
184 478 10
534 157 13
124 357 38
369 213 88
552 280 66
230 362 56
384 139 92
430 352 77
194 235 35
225 37 56
514 420 11
261 503 71
132 497 75
287 493 90
383 216 19
375 277 29
378 491 63
509 285 72
336 350 35
347 378 96
67 531 39
316 194 23
248 405 44
331 363 43
513 180 88
30 398 42
530 418 96
295 556 45
454 172 7
412 383 43
474 36 6
558 422 47
317 58 33
73 159 93
118 401 95
277 527 44
545 541 42
301 346 7
499 379 98
272 135 39
401 454 97
519 436 97
90 260 56
347 261 73
381 377 98
328 145 8
366 347 86
513 510 14
53 212 44
244 375 5
379 83 48
194 219 3
252 511 35
102 217 25
20 57 83
286 455 60
221 475 21
148 454 55
389 150 67
479 271 51
171 360 55
531 326 14
1 105 84
330 370 14
162 84 64
58 147 65
48 119 13
239 332 23
202 219 66
147 99 63
122 366 82
395 62 40
160 78 15
362 534 8
360 48 60
277 3 28
424 14 52
96 318 58
292 3 69
341 540 19
192 496 92
351 36 48
543 120 1
270 299 65
242 167 77
321 250 77
419 197 57
207 449 92
133 196 94
86 378 84
326 445 100
147 215 25
405 89 6
455 170 25
13 110 76
100 140 52
112 479 19
342 292 56
151 340 7
523 276 85
282 63 93
36 6 6
64 461 88
506 481 96
452 450 48
544 110 37
105 283 26
134 539 63
206 229 33
255 314 88
543 353 16
330 472 81
138 432 20
483 392 57
96 218 65
318 458 20
284 26 71
347 18 36
482 68 12
403 359 88
546 445 32
479 490 37
402 11 20
318 25 5
234 253 78
233 442 71
546 410 90
306 284 1
243 446 67
81 390 31
506 121 12
513 306 27
250 209 50
496 522 58
528 259 29
380 234 93
138 401 54
10 523 42
248 496 58
305 107 73
140 386 48
288 503 58
509 85 99
26 94 37
497 419 42
179 38 48
284 559 92
449 55 61
361 340 52
368 452 98
297 328 41
122 384 8
164 512 46
330 300 46
472 249 48
397 67 97
268 469 88
78 258 28
375 226 69
10 333 89
264 280 57
193 541 41
135 173 83
52 286 88
374 106 94
279 181 67
401 268 85
427 498 72
87 399 91
330 496 54
128 66 25
39 390 30
11 532 61
396 520 16
191 288 43
251 449 100
340 142 15
166 88 44
112 149 57
516 374 87
532 187 90
53 41 13
91 162 29
415 500 83
98 541 68
410 42 22
248 301 62
513 153 85
229 258 57
350 167 38
229 367 9
74 330 90
151 485 64
308 194 24
70 262 18
84 327 100
304 389 52
117 276 59
129 431 45
514 426 62
480 445 41
399 488 26
39 459 29
379 436 94
187 63 6
116 193 40
404 135 73
168 496 5
494 471 96
126 106 5
117 498 17
18 109 45
99 388 46
535 169 69
136 246 5
472 339 66
4 249 33
20 467 44
227 475 1
85 543 60
121 107 94
154 319 9
386 87 99
67 224 41
298 54 70
158 168 76
275 342 55
64 447 44
541 234 14
167 367 7
379 250 93
523 246 93
221 372 35
421 356 35
387 21 99
538 185 61
6 17 34
87 249 73
316 262 76
163 21 3
544 41 2
152 561 16
73 545 23
265 322 41
544 343 63
294 334 95
394 333 14
153 234 82
537 248 50
105 47 84
281 419 45
31 325 82
527 263 88
258 231 1
238 473 62
10 313 83
414 356 40
82 31 94
76 260 3
355 373 87
112 441 65
530 449 11
34 376 2
220 323 54
526 12 92
239 511 91
337 216 3
406 507 29
212 68 33
109 121 12
547 560 31
273 41 47
352 84 71
532 427 87
382 532 94
325 421 27
80 201 35
506 140 51
238 63 71
380 151 63
325 275 2
182 150 97
196 367 41
549 548 75
326 427 75
540 188 4
430 86 82
515 271 97
27 493 72
96 308 15
240 378 25
238 22 90
166 177 22
353 244 82
425 132 29
363 253 11
21 381 62
471 531 64
428 562 65
317 228 66
332 347 81
441 107 79
557 56 49
352 537 82
439 277 93
100 395 82
239 331 22
84 321 13
379 217 24
103 229 88
451 309 86
399 171 26
40 170 33
528 383 100
91 163 81
323 305 61
164 283 64
200 422 62
233 177 100
134 140 26
172 534 22
174 310 98
343 365 82
44 24 29
370 409 78
276 207 11
275 321 90
556 404 78
290 355 4
343 55 22
33 198 47
5 483 64
28 202 40
391 371 66
254 475 31
298 485 86
385 132 72
256 364 17
421 524 74
124 353 26
328 496 9
87 432 9
406 16 5
240 261 91
19 30 71
497 483 50
302 254 8
117 493 76
337 131 82
109 62 99
157 233 56
73 468 73
158 4 18
354 223 12
513 156 95
65 68 65
510 224 77
286 449 64
322 87 37
235 528 16
412 171 35
179 313 18
145 534 89
19 479 97
462 187 94
146 543 64
46 488 29
506 463 72
186 90 25
243 438 53
531 44 60
455 557 31
147 487 9
128 93 34
433 32 14
362 420 86
346 529 67
112 336 78
26 159 85
50 305 76
536 397 18
309 315 5
421 184 100
8 127 99
294 483 99
144 300 97
182 226 94
211 320 61
320 418 22
383 127 9
120 117 62
59 417 51
239 463 54
396 60 71
485 133 86
439 174 44
336 496 72
491 489 97
468 544 4
179 427 51
445 478 25
395 373 5
65 526 59
230 224 13
9 552 67
21 222 17
467 108 48
410 97 41
147 559 45
316 2 54
192 478 28
243 478 48
554 290 59
554 93 85
172 257 34
234 434 70
361 493 39
35 279 18
243 222 62
471 547 76
243 13 31
3 540 89
496 180 65
299 460 49
541 231 78
244 379 13
80 275 39
521 142 28
146 401 91
10 511 60
301 137 27
276 84 3
123 136 22
110 534 79
429 220 42
167 267 86
417 278 35
240 549 42
211 452 33
153 201 76
36 42 64
103 164 80
113 82 43
27 556 94
294 115 26
284 53 32
144 343 12
304 289 54
179 524 34
170 119 93
102 204 46
64 120 85
517 523 93
185 417 46
370 136 45
426 427 62
493 306 8
422 77 97
522 478 43
396 252 89
432 278 37
555 434 40
123 402 88
194 353 93
161 301 56
8 35 12
521 446 52
350 71 69
466 353 55
380 86 60
239 249 74
402 19 9
268 553 98
14 184 13
141 419 39
16 194 38
235 380 78
395 149 40
124 357 65
435 495 25
159 542 16
176 494 57
493 453 7
3 247 6
477 270 8
416 561 58
27 534 15
221 348 19
456 326 71
212 530 59
167 442 3
395 218 70
238 436 98
43 305 4
94 295 87
144 237 99
37 295 87
432 24 54
465 9 31
293 467 31
490 139 33
96 58 43
88 213 85
3 267 4
28 7 52
225 373 21
413 377 63
178 224 9
154 79 24
385 471 10
270 502 70
448 55 89
187 385 64
170 194 26
229 14 47
477 508 3
370 201 47
191 525 36
76 436 2
410 11 96
229 123 13
166 271 58
360 477 84
449 415 73
254 401 26
526 320 23
309 354 51
31 10 81
129 434 49
314 202 6
146 100 91
157 424 6
192 108 94
99 329 1
361 534 5
357 501 6
42 296 98
524 131 98
392 396 12
342 501 32
91 257 19
493 163 66
559 461 77
499 109 1
322 68 39
480 534 34
185 81 62
140 258 46
513 111 36
24 322 73
158 301 30
296 421 67
211 436 25
107 277 50
315 316 53
214 314 51
266 255 47
350 397 43
242 368 35
60 301 70
349 280 51
410 398 27
525 421 66
476 305 47
491 445 100
465 7 55
95 126 99
64 388 57
76 3 78
99 11 71
457 445 6
202 49 16
101 183 35
106 133 76
257 430 25
229 210 80
226 200 16
192 172 74
295 557 97
296 88 33
33 538 3
96 403 89
498 470 41
164 237 4
180 74 36
114 151 90
70 463 99
88 16 4
120 243 89
142 424 78
298 78 62
43 234 54
195 98 79
471 240 67
272 400 71
73 504 16
384 507 70
464 185 75
347 228 68
2 282 98
490 285 3
5 252 4
553 108 41
85 274 8
338 425 97
291 532 69
454 311 52
528 95 41
480 324 32
461 4 16
81 533 43
560 151 57
26 360 65
473 40 72
267 522 20
246 157 58
135 511 37
97 430 72
228 58 26
299 438 32
296 326 8
267 88 30
556 397 70
232 358 94
423 387 2
443 267 50
481 405 10
163 356 14
10 25 20
187 461 19
101 501 10
108 129 96
504 257 25
272 372 74
518 329 13
462 13 90
254 242 77
281 66 36
381 482 42
92 77 15
323 290 60
403 426 16
484 178 59
415 90 42
469 356 67
312 490 63
434 113 44
227 375 27
209 26 70
2 408 52
422 487 82
351 286 65
100 229 13
518 242 93
470 36 71
262 495 31
153 320 76
31 343 71
131 384 88
15 140 17
301 168 72
492 417 78
232 551 22
122 13 66
415 317 68
321 33 51
147 203 82
382 276 95
36 66 50
88 365 95
369 306 39
532 260 67
352 306 72
484 41 99
403 491 22
511 479 88
229 302 67
100 478 56
32 264 1
392 161 78
545 352 78
401 426 8
69 485 95
115 80 28
330 303 65
215 340 50
189 21 82
216 96 25
331 320 37
536 12 87
147 183 16
365 325 67
106 348 5
214 319 35
333 238 81
476 49 68
56 417 30
240 350 48
144 365 21
466 237 11
351 222 22
297 94 1
547 207 1
353 434 9
385 148 84
323 250 24
79 252 67
167 560 34
1 17 91
203 11 7
311 98 97
397 411 61
140 547 88
345 308 45
111 287 7
175 327 26
513 123 95
548 310 29
86 40 81
485 441 19
310 551 81
553 556 39
340 97 38
84 507 98
344 366 61
280 340 9
464 201 23
418 379 70
417 92 34
80 312 15
18 523 89
551 341 57
225 118 33
205 486 69
287 353 32
382 89 19
142 195 35
23 401 73
374 423 2
382 241 49
416 458 61
225 93 73
449 170 96
506 223 91
178 215 79
404 459 85
180 249 93
371 47 87
169 151 60
371 541 3
532 365 34
389 321 28
56 509 44
349 263 100
44 353 12
170 261 64
120 488 30
93 20 75
271 336 52
499 39 70
275 274 75
82 168 54
433 203 23
462 440 76
184 172 7
66 51 21
486 430 70
355 3 13
310 134 68
260 198 59
461 324 79
514 110 54
463 227 25
547 347 87
378 391 19
224 355 9
167 427 51
81 112 21
9 89 74
229 303 19
303 326 67
95 78 49
237 451 24
238 530 21
174 475 56
135 423 97
345 194 70
353 69 85
295 144 18
560 243 46
310 317 15
289 307 38
234 433 36
33 73 39
439 270 89
324 474 38
451 82 82
364 343 87
324 253 55
265 289 24
36 389 11
400 102 89
283 290 95
38 37 41
118 556 56
295 299 31
346 210 24
370 15 5
516 6 34
287 402 65
557 324 46
359 165 54
27 228 94
518 415 72
121 244 71
116 139 60
403 557 29
457 353 66
280 285 46
4 550 2
470 464 46
193 136 62
116 342 95
502 158 97
559 314 8
44 98 95
396 103 31
247 459 100
294 465 24
103 32 53
204 366 53
311 363 19
343 507 32
162 43 41
488 481 50
22 415 55
283 32 14
39 49 1
162 149 85
304 217 68
503 98 52
97 156 90
279 391 17
395 327 5
126 478 83
182 392 98
558 477 3
460 390 98
467 483 95
26 250 21
263 463 70
242 12 72
332 252 5
448 290 22
49 409 8
51 413 33
473 446 48
265 18 94
90 464 86
188 231 48
474 304 54
534 188 74
272 51 78
91 260 20
469 348 43
124 440 41
48 522 52
119 264 89
21 20 86
166 278 11
352 161 47
256 163 65
291 336 51
70 465 88
542 54 5
44 483 54
397 507 78
106 21 47
258 559 75
484 444 13
536 292 83
257 390 19
189 446 23
363 211 60
144 64 36
515 551 41
293 462 57
345 461 52
311 348 17
87 245 96
546 554 23
66 497 78
373 43 21
105 119 98
253 172 95
537 404 52
549 173 57
2 37 56
64 513 26
169 418 94
355 330 23
369 24 87
290 442 78
300 238 65
138 264 83
119 478 14
258 538 37
194 367 51
386 81 19
390 4 34
187 226 33
512 226 98
502 274 65
266 152 1
90 240 22
488 96 82
292 111 92
67 408 58
278 516 55
135 165 47
63 19 70
511 411 13
25 23 73
247 187 10
381 49 79
493 396 98
402 411 25
463 508 23
236 547 44
191 372 9
471 20 90
122 323 95
116 278 93
171 206 73
458 420 91
427 391 79
512 337 95
533 21 91
246 84 85
239 155 98
560 16 45
486 399 90
237 344 3
354 101 26
269 262 50
256 480 79
350 180 97
297 362 34
318 367 97
553 456 61
196 161 20
315 448 58
236 296 73
450 44 26
538 152 77
191 246 84
16 83 57
535 562 51
235 79 59
159 488 36
77 150 49
523 191 64
545 35 61
534 349 33
69 63 46
17 20 53
526 422 26
74 285 13
109 73 46
389 287 70
71 414 9
307 367 79
534 305 80
562 131 66
512 262 32
78 41 63
459 224 40
328 286 27
287 49 20
544 86 98
311 100 93
68 185 74
20 115 39
536 454 78
471 535 99
426 68 45
263 255 58
238 418 19
246 72 7
266 136 39
283 323 95
448 373 43
182 125 57
249 433 43
138 76 66
287 27 93
97 149 6
299 8 32
484 426 40
354 73 91
557 382 38
245 293 36
86 275 32
82 488 62
70 362 21
1 368 2
350 200 96
147 528 24
344 161 44
243 203 5
32 283 84
21 403 92
550 280 70
431 8 20
162 368 69
232 483 96
51 529 54
15 180 66
384 375 82
220 81 53
483 45 82
248 50 5
163 448 21
544 169 91
197 495 77
127 390 22
228 210 44
538 177 45
139 416 10
497 280 50
497 333 88
238 481 68
163 2 32
368 188 37
259 78 11
514 475 92
518 151 82
48 138 70
84 426 58
131 236 71
532 211 41
399 309 48
378 316 53
71 521 27
1 523 27
497 224 83
349 486 62
262 7 74
118 46 22
518 127 15
465 295 62
523 110 57
388 161 24
90 449 57
283 371 75
386 196 94
323 124 70
296 435 37
221 282 13
468 234 51
260 297 1
221 242 93
34 395 42
147 149 22
330 115 72
247 204 23
68 332 86
65 200 51
487 420 47
108 49 47
510 409 60
204 64 87
302 185 95
74 557 8
492 308 37
532 293 66
299 34 52
438 221 72
408 478 23
425 420 44
237 73 53
410 152 32
298 97 56
140 452 40
227 467 57
390 520 6
71 151 21
67 80 14
501 215 44
486 205 96
352 502 36
495 52 44
158 390 38
434 52 37
207 95 92
480 148 13
372 174 72
526 140 33
91 402 63
482 353 32
353 419 16
20 286 25
280 226 38
362 482 95
295 288 44
513 352 6
89 183 11
71 242 69
286 232 71
449 1 30
218 429 21
210 100 47
500 496 69
296 27 72
225 20 43
463 363 6
509 97 63
283 111 79
504 510 34
99 189 44
71 322 8
291 515 83
386 541 1
97 235 1
495 447 20
405 210 39
495 381 76
7 167 22
76 266 72
339 529 34
4 166 66
207 58 84
550 169 10
505 382 76
329 553 62
250 559 57
243 474 29
294 97 47
149 549 92
165 43 7
331 116 91
153 375 87
333 279 41
356 513 65
476 275 99
324 229 6
528 109 79
457 66 82
391 447 15
148 439 24
384 298 53
423 184 60
14 39 32
532 306 9
258 196 53
17 507 91
77 162 50
145 461 87
205 108 5
245 370 3
28 366 44
87 118 44
420 419 78
384 323 66
110 10 93
231 205 1
162 404 1
313 199 57
311 44 91
334 388 68
495 84 52
322 496 7
276 473 70
191 21 77
277 371 6
132 4 40
286 191 52
511 415 94
345 95 100
330 388 13
64 475 11
407 396 6
396 303 98
478 121 19
64 276 87
472 295 25
510 19 67
14 270 25
381 321 47
431 225 22
47 535 17
539 481 2
509 508 12
281 312 57
269 27 89
198 47 84
459 329 62
74 277 87
332 65 70
280 419 60
464 441 94
140 109 71
338 413 87
533 26 38
494 535 10
485 34 55
43 468 70
397 366 31
365 130 56
242 427 41
194 412 75
289 337 70
176 136 51
346 73 35
165 319 78
554 252 52
260 489 35
461 124 85
473 541 39
420 348 63
516 274 75
309 549 86
540 405 41
277 433 9
516 21 44
532 511 27
320 373 92
468 138 24
391 105 2
415 526 84
557 58 53
423 327 81
155 127 44
321 378 76
436 323 9
237 261 21
466 388 80
530 493 26
319 205 87
210 380 76
131 537 42
537 531 94
394 170 9
255 17 17
427 443 34
274 119 55
401 154 7
112 497 98
454 203 24
386 199 98
99 397 9
3 496 11
492 485 39
543 146 26
357 305 19
281 211 15
233 16 99
189 191 13
334 375 35
230 385 56
550 173 46
396 255 87
311 317 92
524 440 5
248 94 8
449 390 68
298 297 96
51 27 54
201 520 65
543 139 74
345 317 54
275 38 11
557 163 72
413 21 28
61 149 63
228 125 50
387 438 27
211 199 18
360 222 80
435 382 98
230 499 32
383 83 25
395 361 58
158 413 77
45 329 52
332 244 78
262 272 90
77 512 17
443 242 96
238 347 13
38 284 92
358 353 83
447 522 48
102 17 46
159 363 15
96 212 73
37 216 91
465 451 33
294 68 43
539 52 50
323 206 39
140 413 95
29 525 2
183 121 10
460 316 26
443 520 32
232 345 25
397 316 90
401 138 94
560 461 14
41 138 2
380 297 42
97 24 71
3 46 35
287 438 91
466 384 27
118 76 86
120 251 47
169 6 74
537 525 10
452 236 50
478 305 96
140 505 73
280 275 12
67 61 17
120 57 92
394 315 61
429 455 13
125 217 49
289 179 1
504 224 64
377 18 67
546 534 38
115 550 91
237 509 72
438 369 72
108 344 93
155 274 12
121 328 34
392 502 54
80 186 10
125 30 37
513 438 77
28 258 54
377 144 52
203 278 29
121 22 10
417 122 57
418 238 46
556 39 53
536 58 40
232 301 87
41 497 34
71 34 79
470 205 13
279 365 78
42 338 44
387 557 96
28 243 92
68 24 44
173 307 30
97 15 20
11 42 15
23 59 25
99 421 99
188 4 84
231 503 66
376 433 37
405 261 35
287 518 53
523 545 10
33 471 49
99 292 69
390 203 22
226 407 81
90 427 14
68 548 37
147 426 72
389 303 50
265 526 79
238 81 72
541 411 59
283 81 83
3 154 24
562 92 43
176 24 24
250 189 55
145 405 92
256 371 59
247 458 65
83 299 31
107 111 61
413 245 34
543 72 14
524 141 86
409 453 64
437 350 92
420 354 13
500 85 19
241 14 51
495 545 26
132 28 23
352 484 17
188 384 16
80 311 3
194 30 58
394 555 97
434 157 46
148 195 18
389 327 23
83 151 94
501 58 57
379 452 71
406 307 94
328 16 34
297 209 26
149 332 33
292 296 90
169 386 86
11 64 100
178 506 27
112 446 7
189 34 67
86 180 19
552 418 27
506 85 31
365 276 38
396 4 81
79 1 18
234 394 8
466 554 2
475 480 46
384 150 71
395 387 60
54 162 89
265 171 93
480 397 14
437 26 4
65 391 44
141 203 62
214 341 59
78 93 40
11 81 62
525 42 23
386 264 46
432 435 45
431 562 18
538 167 28
263 441 79
67 318 57
40 96 43
83 359 72
275 108 66
1 85 54
451 28 39
376 539 85
50 73 65
457 309 48
60 485 85
468 119 47
336 187 47
264 510 57
203 83 23
328 251 96
39 293 74
423 345 87
383 470 57
344 90 88
181 370 3
19 467 62
249 170 70
213 425 83
327 151 95
220 146 44
549 276 50
227 516 26
44 248 87
524 464 32
294 396 42
212 154 97
415 464 10
36 49 62
50 249 11
456 451 24
277 485 74
502 370 19
395 549 76
299 521 65
478 305 95
378 219 88
146 518 14
342 156 9
562 446 26
64 377 62
225 506 84
514 516 21
285 233 6
170 424 45
461 301 33
335 205 44
429 222 21
92 60 37
460 174 96
147 9 13
493 2 33
386 523 82
337 244 59
398 126 33
47 96 18
277 361 13
532 425 9
420 144 6
374 546 56
514 182 73
192 360 93
292 466 17
493 130 24
468 178 29
13 376 79
60 371 67
289 128 73
177 404 47
5 270 43
170 176 93
8 233 90
76 35 55
463 242 45
71 562 27
55 23 62
507 189 20
62 315 60
35 402 65
25 180 93
264 353 10
151 498 32
403 283 43
5 192 34
293 212 57
82 496 19
291 244 20
531 154 82
519 222 20
49 13 28
423 333 93
138 252 1
280 436 53
211 484 70
398 295 85
177 335 43
213 492 18
169 86 34
170 426 8
254 124 18
168 51 96
296 66 67
403 169 23
531 398 45
349 519 60
19 367 92
189 95 28
394 198 7
21 210 66
507 511 91
333 551 22
552 293 28
141 31 47
62 92 5
335 369 91
234 468 79
104 249 23
404 262 32
153 554 63
366 36 86
529 7 52
532 267 1
346 531 28
489 307 68
196 231 29
485 34 58
250 431 10
519 266 98
450 479 94
467 121 67
387 109 4
382 320 18
227 325 10
228 18 63
277 159 81
134 215 17
290 488 47
252 324 39
344 363 65
384 138 47
519 101 41
422 260 26
377 325 70
305 150 6
168 323 21
188 497 5
520 63 8
112 124 75
312 42 8
233 75 93
506 527 72
463 461 70
490 532 86
411 182 12
423 530 4
372 235 58
234 458 91
425 561 98
489 204 26
505 199 86
364 395 40
377 70 40
158 452 18
473 531 10
356 483 17
550 325 52
527 53 92
67 138 77
119 333 79
26 205 79
338 280 52
194 215 62
473 171 33
175 230 63
432 245 47
174 489 16
481 556 32
172 528 32
443 54 65
370 28 92
165 196 73
281 15 90
281 217 96
69 284 24
489 50 85
288 345 66
465 522 64
451 551 8
64 224 85
239 104 68
261 451 2
531 393 58
233 539 72
444 414 32
266 193 76
433 366 80
392 378 42
379 92 22
401 4 5
473 42 13
159 121 57
395 130 68
32 342 80
306 151 2
529 355 71
269 335 44
12 49 35
483 148 46
547 456 56
553 506 40
152 211 60
414 497 12
82 408 72
5 400 18
366 460 23
490 528 66
507 26 52
306 544 66
180 458 22
438 288 34
499 310 44
532 200 17
21 107 46
277 276 66
402 474 84
151 195 70
249 372 91
482 383 45
358 100 5
23 448 60
541 141 16
397 6 94
51 207 40
369 104 85
420 520 90
160 170 45
171 114 23
537 134 30
108 127 70
21 270 46
343 24 88
483 179 39
50 452 29
331 366 45
254 284 83
276 316 83
191 461 48
43 101 49
525 524 51
285 403 49
541 235 45
415 95 57
561 441 8
506 487 47
45 455 55
210 551 34
516 213 7
288 473 1
126 222 51
160 158 85
228 65 49
294 374 2
151 111 5
68 163 58
453 524 61
186 446 8
505 69 48
156 488 95
345 385 11
294 192 2
6 96 81
412 62 43
408 475 11
59 89 80
214 47 51
306 465 17
38 14 17
3 501 52
223 552 10
91 434 52
149 405 90
260 24 95
502 483 2
150 160 61
492 50 33
223 522 11
27 562 83
394 180 22
282 351 3
214 398 59
557 390 6
382 301 78
437 7 99
423 164 25
434 36 95
5 298 67
258 414 57
328 221 34
67 391 2
443 377 98
359 179 79
215 372 43
449 85 39
532 362 38
477 355 73
507 461 36
488 235 58
263 560 22
263 31 65
83 66 34
130 241 33
3 4 63
449 362 69
306 60 46
93 433 1
58 350 82
224 189 38
231 449 4
474 415 93
536 161 70
305 71 73
248 298 100
76 333 31
546 158 29
154 335 53
339 200 94
266 200 18
255 132 46
423 173 84
363 327 77
274 276 88
560 224 60
240 540 90
315 46 78
168 486 41
227 92 98
304 246 100
431 274 20
388 314 12
103 47 72
244 90 38
547 268 51
414 185 58
417 119 94
478 118 18
360 502 44
402 4 66
71 411 60
483 145 41
419 477 44
448 379 93
301 492 80
135 544 38
205 352 79
424 30 22
426 267 100
233 292 69
138 408 9
110 137 68
537 135 31
315 460 78
203 220 54
262 152 50
245 46 50
45 111 25
113 178 28
351 378 41
135 299 15
560 253 13
502 559 55
533 113 22
558 69 31
359 110 87
333 351 76
373 97 94
481 467 33
302 389 34
69 451 21
452 18 85
358 331 2
90 231 22
305 338 49
193 30 7
363 45 48
125 169 88
170 464 36
191 150 98
167 268 40
160 433 16
443 473 76
554 285 17
13 442 82
384 289 1
523 52 65
408 445 71
72 23 99
203 125 50
308 24 95
524 143 14
335 155 49
502 46 100
513 438 3
238 544 30
136 213 1
98 197 19
416 388 16
224 220 74
470 309 91
522 451 99
97 370 71
119 375 76
549 198 85
224 27 98
396 342 92
451 22 33
83 409 76
157 34 90
201 15 94
514 260 42
482 314 72
214 283 54
152 48 8
158 204 32
13 299 35
205 398 65
249 327 55
26 208 19
46 168 66
4 411 56
551 238 81
141 226 71
146 60 15
233 308 66
544 37 96
341 396 76
75 261 7
413 494 24
488 17 56
291 92 36
324 504 25
407 162 10
521 412 30
168 276 34
8 472 64
467 427 69
382 94 48
455 118 91
354 148 94
86 304 44
59 531 99
516 124 45
94 70 3
114 366 64
227 312 20
185 167 79
195 517 90
45 141 90
484 293 80
556 493 87
251 204 34
110 290 27
268 453 97
123 355 12
459 31 69
13 275 22
196 426 55
359 6 82
233 37 40
405 22 99
128 115 54
532 102 21
287 308 33
171 15 22
419 57 42
281 173 59
327 235 13
345 354 23
439 35 81
72 466 70
423 477 37
458 450 60
384 110 27
406 452 16
490 158 95
29 486 33
291 288 79
174 14 8
542 494 51
97 180 45
523 292 3
112 477 16
137 315 69
336 334 27
71 296 44
133 208 78
543 12 21
330 98 100
207 300 79
59 315 18
5 379 60
66 497 14
268 343 4
235 212 25
377 91 91
210 66 100
376 446 10
311 542 45
248 512 79
372 133 54
89 402 33
158 347 50
19 532 9
305 347 32
351 330 58
15 68 63
104 261 94
17 283 95
466 96 67
43 164 54
169 269 2
60 43 66
425 80 69
453 560 67
425 9 19
457 35 83
202 428 56
518 546 41
289 99 17
492 436 73
554 392 71
20 111 76
258 358 40
120 279 85
458 431 58
244 63 100
184 162 91
377 285 93
214 5 25
536 158 63
265 317 23
59 473 54
107 476 2
289 415 34
8 389 94
307 425 51
304 142 35
445 115 35
140 414 89
410 465 24
507 196 92
393 413 27
450 425 65
428 96 8
542 162 82
330 127 3
125 358 44
404 227 8
534 438 64
6 214 100
552 416 78
129 167 44
344 18 16
485 21 41
177 378 34
64 408 63
350 513 92
212 537 43
456 348 79
102 550 18
244 536 16
189 561 30
222 366 76
300 206 79
112 51 29
301 205 75
238 306 56
545 377 85
288 509 83
42 302 67
368 552 66
47 493 90
273 233 16
241 150 59
50 456 27
107 216 51
243 140 41
465 289 31
216 130 42
260 211 16
66 167 6
538 192 22
76 327 44
143 203 52
353 556 38
106 356 22
421 297 87
375 285 73
141 399 81
500 67 4
437 194 71
479 23 55
219 233 19
496 375 91
118 506 17
270 377 19
334 463 41
329 285 54
324 452 31
118 416 63
548 43 79
278 414 25
381 447 57
252 133 28
265 393 43
104 140 27
29 168 15
247 60 99
158 253 46
553 388 69
89 179 78
167 137 86
278 297 10
166 263 89
419 204 25
340 288 96
398 178 60
18 357 48
44 289 87
339 332 24
349 325 88
549 166 73
372 124 63
423 192 86
122 140 91
164 367 72
217 137 64
82 254 38
538 133 29
138 251 75
283 502 68
259 287 85
419 151 61
43 404 82
203 435 25
105 161 87
80 453 16
139 66 22
36 46 16
432 270 25
182 63 17
314 442 74
436 176 17
389 339 50
75 231 66
110 204 100
481 143 50
494 299 79
137 218 100
83 39 15
4 24 20
41 307 97
536 38 3
230 125 64
7 366 87
555 377 74
431 530 33
241 404 95
386 531 84
33 463 37
196 162 45
177 296 41
389 438 9
432 466 95
220 187 23
228 270 8
207 90 6
67 381 59
89 364 68
396 348 25
549 89 97
200 532 10
263 107 46
304 420 68
157 528 74
159 422 92
109 447 22
445 442 80
459 545 78
302 530 63
62 264 3
386 238 86
446 337 6
191 299 6
87 296 52
22 72 60
49 316 60
310 461 14
362 374 6
89 255 67
177 289 93
263 190 28
148 507 45
518 552 28
243 232 59
435 18 74
524 412 1
385 42 24
552 486 37
540 494 47
93 110 83
501 321 69
421 312 47
274 380 86
477 260 23
59 481 80
268 304 4
257 16 13
38 204 67
171 539 93
151 533 78
18 520 51
537 105 15
350 553 60
344 397 64
559 71 46
432 423 74
242 253 39
480 244 73
304 528 33
465 21 9
354 445 5
29 432 30
134 278 19
105 428 73
468 42 65
449 417 42
124 28 7
189 313 4
284 274 84
504 354 30
258 284 6
406 277 35
402 346 55
307 471 9
412 508 89
369 396 26
513 433 72
460 388 23
452 68 35
303 97 62
294 554 11
213 418 75
344 474 52
466 314 84
517 339 94
130 326 34
151 313 65
294 240 14
43 559 38
105 33 7
101 24 11
482 495 22
34 231 85
98 168 4
382 195 28
542 349 45
97 242 38
156 233 43
147 482 24
67 306 80
371 413 70
134 391 25
147 513 92
332 450 48
328 16 93
445 350 59
313 30 56
80 199 67
378 69 78
546 277 78
544 232 74
340 530 48
26 498 68
303 417 44
117 284 96
451 77 20
142 240 42
469 52 84
262 18 13
457 418 50
199 253 73
250 348 57
14 152 89
4 417 23
499 296 46
135 214 69
350 68 95
364 33 78
266 183 66
45 437 22
5 248 72
489 110 53
281 259 37
296 361 88
212 418 69
531 175 62
117 123 57
28 434 41
274 282 26
427 87 73
417 61 37
182 181 36
270 553 92
313 192 93
430 305 91
321 38 67
376 508 36
252 467 4
526 49 86
173 366 69
533 147 65
143 341 4
417 378 84
180 354 17
183 195 3
98 252 86
228 167 48
504 133 59
196 549 23
9 283 11
299 240 34
483 139 85
540 82 56
38 533 63
356 83 67
132 313 26
199 33 79
18 372 41
544 184 71
117 482 100
364 489 16
405 84 86
460 540 98
433 508 96
94 494 34
540 46 39
499 433 64
123 469 28
518 398 25
442 313 41
533 13 92
75 275 74
89 60 99
524 129 69
474 453 73
243 89 28
181 516 87
263 222 80
295 99 20
554 465 50
261 109 16
233 125 77
157 359 22
146 420 82
422 30 26
450 258 100
214 252 11
252 418 97
110 134 84
340 416 28
338 393 82
435 131 68
478 67 73
459 116 36
287 506 56
13 316 10
153 465 11
263 169 88
31 468 100
107 430 20
466 158 60
52 41 62
307 562 13
354 508 86
71 271 93
176 431 75
316 488 6
499 97 28
279 424 10
282 288 3
48 38 34
428 216 99
251 93 54
332 101 10
408 183 37
162 529 98
414 108 75
314 469 19
145 219 38
183 35 63
531 52 80
189 213 28
189 264 90
258 481 2
218 325 3
338 68 30
11 71 5
495 118 69
496 307 4
528 198 26
270 291 82
101 299 63
525 497 36
340 83 1
30 384 64
83 103 25
471 284 59
51 451 44
11 120 56
231 291 87
344 166 82
371 334 43
265 36 34
417 84 37
546 80 22
48 491 98
527 346 88
550 153 85
132 489 69
33 205 84
449 517 34
191 562 27
388 178 30
227 148 61
170 256 57
221 268 55
32 333 53
539 514 4
436 163 48
535 304 92
232 559 88
279 159 19
190 482 33
87 155 81
373 314 25
532 31 8
553 505 43
79 511 16
441 115 83
105 56 37
6 447 19
476 171 76
242 207 34
560 466 74
304 560 65
88 275 98
520 148 25
442 355 60
431 362 19
280 496 5
197 175 8
109 88 69
534 306 34
112 188 53
14 151 2
98 81 17
322 393 22
256 243 88
356 74 75
89 270 21
54 197 26
299 476 34
296 174 15
213 434 6
228 450 55
119 300 49
251 423 18
277 2 3
415 329 66
389 200 78
193 338 74
386 540 53
173 353 86
306 325 71
439 29 55
312 549 9
501 511 61
355 56 26
395 507 23
551 51 18
419 66 80
508 271 76
32 240 14
52 486 79
194 552 5
157 14 72
90 119 71
280 488 85
191 23 10
542 55 93
370 411 87
59 137 92
426 136 36
345 374 83
558 303 73
48 9 29
380 457 36
123 180 58
317 102 59
257 57 45
369 476 46
442 95 86
401 540 38
206 81 17
407 361 98
381 458 29
162 545 66
221 143 100
308 68 74
490 141 45
65 451 18
426 433 10
10 16 20
290 302 5
478 404 41
87 241 45
201 198 8
453 520 14
96 346 91
545 3 75
148 58 44
242 487 17
412 465 92
260 506 62
530 164 48
491 97 100
406 182 8
379 513 97
37 167 9
428 81 81
532 280 9
32 425 70
323 458 88
191 352 83
294 188 60
392 412 58
24 114 91
258 434 43
81 423 97
509 217 18
184 349 2
121 179 33
496 450 36
136 467 59
508 79 89
547 171 98
85 479 98
64 384 49
212 556 68
399 28 99
255 535 96
204 39 17
212 237 65
517 110 57
172 541 85
279 201 91
8 547 21
328 89 4
55 403 11
503 485 42
490 373 64
456 227 97
280 34 33
95 350 77
192 452 34
524 55 85
345 198 19
170 290 100
509 443 17
553 153 40
166 386 5
109 48 7
285 90 93
18 511 80
89 477 54
126 41 59
220 181 8
497 178 94
219 457 64
11 284 42
349 508 3
524 527 14
535 44 60
213 108 15
455 315 32
450 422 14
424 391 88
8 270 23
25 64 59
201 173 58
450 66 30
175 279 1
148 154 72
382 29 91
454 202 73
501 559 50
285 120 8
198 354 79
432 523 95
350 345 57
301 384 36
63 523 45
180 137 13
444 419 97
93 430 28
389 34 25
537 57 63
58 351 59
6 37 30
252 264 31
7 376 66
172 224 39
48 13 47
170 100 51
238 23 41
208 180 83
249 252 33
76 489 20
418 312 93
188 211 86
459 516 69
119 421 31
376 355 23
391 382 7
50 452 82
397 353 82
26 280 17
421 81 99
16 214 78
168 562 46
464 134 59
224 148 57
365 130 10
214 536 39
488 272 31
10 173 70
548 133 9
471 273 88
468 487 36
311 327 95
321 223 98
370 288 73
126 467 83
58 487 38
89 492 16
537 286 48
217 162 43
487 318 14
156 173 26
62 427 98
16 279 65
339 266 51
174 215 91
370 470 12
45 14 39
301 222 77
91 297 77
468 36 64
233 271 80
245 515 16
166 360 40
116 197 18
297 69 23
298 206 64
294 214 62
230 79 79
90 557 15
22 63 44
375 187 23
438 554 62
194 21 31
405 337 81
130 109 54
408 418 97
419 553 11
543 402 57
68 152 69
88 542 31
7 51 45
159 296 77
118 281 60
298 228 65
102 547 64
284 282 64
520 373 69
372 233 45
314 285 67
98 319 17
537 249 66
462 423 80
152 86 30
547 449 33
288 533 72
9 473 100
102 150 66
428 148 22
347 373 43
299 241 55
369 451 61
117 195 33
208 56 73
448 411 49
198 276 70
489 391 19
129 387 27
239 460 47
554 240 20
467 494 84
463 370 58
123 235 90
249 437 9
259 466 92
491 474 57
525 459 73
54 92 53
4 213 93
274 178 39
185 135 3
4 263 36
473 131 52
497 512 15
408 261 33
451 145 19
486 493 49
340 38 89
356 242 68
331 548 44
238 22 69
519 462 85
531 213 81
42 118 44
269 532 89
528 320 70
275 336 59
370 185 26
81 447 93
424 244 98
253 269 28
514 307 12
322 46 96
264 119 58
236 329 70
526 32 46
431 60 36
212 245 95
479 538 8
393 431 1
296 529 22
235 94 76
536 282 83
261 108 63
2 13 85
446 36 21
513 61 76
557 61 18
322 120 29
61 228 90
441 87 74
500 351 49
106 19 51
140 149 20
253 388 80
108 403 52
84 93 29
21 164 63
500 484 39
488 293 74
489 373 99
19 370 97
349 108 31
440 99 2
218 4 51
447 418 12
360 222 44
455 292 61
444 82 76
551 162 60
398 189 98
166 114 23
341 417 68
48 103 81
322 71 10
283 390 72
419 44 4
352 536 2
97 218 31
148 488 72
152 168 12
345 418 11
200 114 42
10 282 18
79 64 84
394 296 36
525 491 47
466 393 39
550 427 19
322 80 81
283 268 82
80 457 41
165 457 72
239 63 73
196 80 24
422 287 33
137 421 34
449 86 27
523 522 96
353 232 83
434 486 45
239 462 55
534 444 85
525 125 38
313 342 57
234 54 40
414 50 87
378 105 28
157 62 74
429 556 70
67 344 90
177 526 67
389 294 60
307 370 1
515 364 91
500 299 13
187 460 11
313 495 88
427 283 56
30 511 2
140 205 43
495 272 61
217 398 60
480 514 47
442 112 96
264 130 88
59 411 28
388 558 21
383 406 73
66 57 52
479 22 99
558 192 67
11 297 68
323 447 22
338 441 57
26 163 23
344 76 46
507 177 19
337 250 12
271 264 4
113 485 39
561 90 100
476 472 74
178 176 70
322 74 44
488 518 82
452 12 79
380 212 30
61 164 75
514 99 63
398 435 68
130 165 81
27 327 49
30 6 54
51 112 97
371 421 49
118 19 10
433 371 31
162 31 92
468 139 71
523 324 34
484 293 2
386 375 32
282 255 6
292 260 32
278 481 16
52 516 3
420 37 86
212 523 95
404 418 93
1 295 86
104 15 98
138 253 23
94 491 17
185 385 71
187 546 10
474 493 17
313 492 99
488 194 29
217 21 57
159 390 3
16 511 75
336 393 8
323 475 79
369 200 83
385 285 98
515 52 69
155 165 96
534 228 87
9 84 28
322 141 30
50 438 25
177 487 40
324 490 47
203 1 39
172 171 10
60 202 34
414 31 67
193 137 100
386 251 69
555 79 77
453 239 41
209 263 13
262 159 7
43 291 61
507 376 11
433 420 40
425 212 79
12 506 17
18 264 94
150 560 11
420 49 100
111 474 74
287 259 54
511 408 76
474 59 17
546 121 6
403 368 55
328 47 73
511 107 65
70 462 65
227 548 49
337 30 39
517 443 92
523 420 74
253 266 82
125 551 77
223 495 62
165 516 65
81 522 80
189 363 87
558 436 57
303 212 92
189 546 38
403 198 40
137 438 42
447 420 26
387 227 79
194 186 87
174 517 15
171 104 86
287 326 76
457 297 1
260 456 34
27 365 91
239 319 93
55 423 52
458 186 17
19 326 26
456 25 80
336 62 36
199 427 18
157 22 6
501 426 82
328 135 16
199 543 14
384 389 20
405 358 98
65 483 98
112 313 36
119 64 2
203 492 23
26 410 14
88 267 84
456 35 69
502 157 41
345 544 68
102 429 63
79 250 12
445 330 23
144 48 20
344 60 83
435 412 80
171 49 100
349 262 96
204 181 3
80 138 29
401 128 71
437 513 4
526 352 80
366 64 18
131 280 89
131 55 10
473 40 41
408 84 78
318 371 69
257 239 54
455 163 49
502 60 1
118 452 82
419 115 70
413 187 43
233 281 83
308 227 75
503 99 21
119 230 71
85 456 45
157 546 83
344 363 80
283 124 67
200 387 56
318 24 3
382 472 100
44 112 12
507 535 89
125 144 31
423 388 48
349 210 64
240 324 33
326 259 88
504 94 73
350 36 65
389 472 9
276 450 67
174 286 23
136 313 5
404 96 79
528 114 63
212 527 22
185 504 51
71 7 45
368 493 10
263 290 79
542 92 50
137 124 21
457 526 19
147 362 30
338 395 18
507 340 4
164 110 64
89 343 75
157 125 58
529 2 54
25 404 51
534 40 62
215 293 4
151 18 99
547 58 98
61 239 2
69 8 39
257 497 16
42 183 35
231 134 27
514 183 1
27 562 44
185 382 6
432 497 40
231 461 22
497 292 93
36 351 17
307 337 36
239 287 77
188 422 92
456 145 62
55 246 16
260 421 76
84 331 82
150 78 38
496 519 49
441 529 47
96 527 82
21 69 16
427 273 98
354 375 97
71 378 11
148 159 20
278 54 75
284 449 5
208 145 36
311 25 17
36 372 31
122 299 5
375 320 97
461 338 34
108 269 55
543 6 14
325 360 32
53 348 41
507 63 10
306 493 58
498 124 98
188 160 33
345 488 34
286 352 10
436 371 54
440 64 76
64 471 52
82 21 92
126 164 57
258 227 77
327 122 46
222 124 78
365 431 59
411 161 39
546 112 66
387 14 84
74 413 63
29 389 6
464 161 81
13 352 73
157 197 17
132 297 79
297 427 20
32 311 5
138 280 23
391 447 53
500 262 41
124 177 79
552 463 20
219 446 14
128 246 37
222 366 96
270 75 31
511 299 47
222 498 54
61 160 27
4 468 5
514 50 91
276 140 52
61 103 79
377 389 58
350 480 8
253 428 89
469 334 2
399 500 43
227 454 33
347 333 6
409 93 61
387 409 69
310 281 91
298 5 56
115 56 44
547 221 89
275 416 49
281 324 57
318 365 17
97 35 10
360 434 57
62 206 59
6 13 94
163 519 72
559 30 50
334 530 11
206 129 46
355 262 7
281 326 48
284 231 11
428 21 91
484 279 82
345 518 47
495 385 95
186 387 47
331 441 31
155 325 82
218 30 48
58 1 64
432 381 84
473 292 90
30 347 49
121 509 34
440 467 31
335 85 19
208 22 70
177 20 52
508 276 81
43 212 15
41 312 23
425 449 69
457 37 82
264 533 64
510 67 32
18 399 70
557 470 36
376 140 56
108 336 18
431 118 82
430 344 68
251 194 96
84 225 50
3 391 26
478 374 76
98 551 64
191 33 3
47 202 78
160 434 36
489 105 56
355 386 21
349 83 18
122 361 26
325 186 45
450 178 36
514 162 73
360 521 59
444 545 65
27 543 96
305 532 77
258 62 100
176 416 91
461 111 14
384 143 100
200 279 14
82 282 89
269 323 61
403 173 57
101 119 61
444 491 70
432 347 27
561 79 92
40 455 99
393 173 36
178 388 36
198 153 28
419 340 75
134 556 96
109 70 71
27 217 52
261 160 33
368 532 31
106 492 54
53 274 35
455 307 63
73 253 85
513 226 11
115 80 40
108 493 19
310 207 76
189 352 68
322 146 76
229 451 6
360 119 67
5 97 88
279 435 74
337 285 21
265 197 74
182 131 4
64 379 4
179 441 95
29 161 21
32 389 81
250 311 79
356 280 12
560 428 60
506 461 75
562 504 77
107 140 63
330 512 13
250 136 72
461 104 7
114 263 100
63 487 100
27 104 87
39 432 15
243 272 47
485 396 18
535 151 80
293 169 15
315 340 77
507 38 36
528 345 20
150 232 62
283 337 95
255 118 38
449 464 66
216 557 55
294 364 41
218 177 63
177 167 36
456 487 23
441 435 66
480 344 51
415 29 38
520 396 82
279 301 48
147 462 70
84 445 58
146 178 23
410 214 18
273 251 54
500 42 53
71 213 64
58 260 83
433 93 20
384 300 92
206 455 15
18 84 69
291 57 1
248 413 75
368 415 53
334 551 90
120 92 71
507 114 72
9 237 86
309 242 66
232 237 15
266 322 88
112 349 38
285 479 43
3 46 6
29 59 39
289 339 71
481 2 31
48 155 34
301 129 66
235 141 16
309 502 14
367 352 5
355 224 85
90 237 58
37 392 98
51 242 39
355 313 4
498 260 84
235 160 44
440 168 74
33 532 75
449 153 22
412 485 35
398 115 3
31 286 80
284 252 22
535 376 56
243 60 57
332 287 19
562 119 96
13 432 4
8 292 10
211 58 20
263 318 76
254 170 63
160 57 31
187 160 33
96 557 63
534 213 11
463 438 12
371 375 5
381 80 84
535 513 10
435 33 5
288 504 16
95 316 73
549 139 43
344 187 65
47 371 54
24 426 29
40 417 73
171 191 55
167 321 18
100 495 11
182 294 53
208 353 15
486 503 100
21 496 76
192 30 82
473 360 92
368 244 61
54 267 50
559 325 18
10 520 37
208 231 34
254 45 72
351 370 5
168 548 63
142 236 34
293 10 28
179 389 3
378 91 96
422 299 94
155 72 11
448 267 12
120 12 82
462 375 42
404 474 40
451 450 70
131 475 24
70 352 1
449 492 54
154 476 70
356 322 75
360 3 85
138 52 72
112 399 80
48 171 46
136 150 15
344 225 44
152 203 49
376 345 68
482 1 60
319 485 97
177 309 33
121 438 86
162 519 35
482 545 67
522 190 36
145 14 37
338 417 96
405 2 97
90 262 43
37 42 49
515 551 1
501 203 92
182 300 28
100 467 29
326 186 29
359 407 51
95 92 61
295 489 6
352 303 92
129 293 79
270 366 84
239 62 12
104 134 29
403 426 40
384 142 8
171 174 14
78 193 10
168 18 9
333 293 20
408 149 80
14 59 84
261 219 6
356 68 81
212 397 83
396 329 32
129 238 31
244 397 53
33 42 84
166 142 57
352 427 96
240 85 47
423 289 6
25 561 49
380 533 36
346 159 68
412 164 26
107 151 60
369 199 5
31 427 15
21 545 32
217 10 47
71 372 69
44 347 12
156 144 41
318 269 35
424 148 2
177 378 69
254 230 46
475 485 7
129 30 52
252 476 1
245 194 63
151 560 62
110 23 69
437 225 1
352 421 29
116 254 68
46 338 72
385 121 58
547 263 78
330 214 90
245 37 17
286 517 29
513 102 60
424 212 14
3 72 41
121 270 89
32 139 86
16 276 16
253 298 25
349 126 98
159 497 86
302 291 65
24 143 36
7 399 21
95 207 46
121 447 12
6 552 72
390 367 45
9 344 20
471 365 3
178 550 37
83 27 83
130 307 57
52 173 33
174 55 48
349 107 100
100 234 37
110 442 90
102 354 78
411 316 37
183 20 9
145 209 90
223 312 76
500 302 25
42 88 76
353 474 52
44 516 42
66 224 69
321 123 36
320 66 87
379 510 94
171 255 58
106 160 90
517 153 65
55 406 27
532 235 3
169 338 10
368 367 8
18 465 89
529 403 30
335 65 6
375 403 77
195 80 45
508 293 70
268 172 88
155 49 75
193 306 67
226 37 100
65 144 96
2 344 87
432 250 18
277 108 1
137 183 58
285 454 15
216 190 76
346 496 76
423 492 65
389 195 36
560 229 10
340 243 42
451 291 36
250 378 9
370 507 36
559 100 33
21 312 25
94 529 67
257 310 66
438 138 13
183 74 40
245 330 92
393 2 24
88 24 7
215 75 71
224 57 61
437 445 69
207 329 85
353 512 87
348 547 48
370 330 43
129 11 3
144 300 93
177 555 7
75 115 84
196 293 57
503 9 88
102 325 88
155 381 60
447 498 9
243 270 59
519 31 94
100 332 69
367 266 23
189 308 51
514 345 28
448 537 61
388 223 44
45 444 71
410 161 92
97 3 28
452 455 8
318 70 3
427 24 99
63 198 93
260 171 62
445 399 31
9 88 10
106 351 67
239 503 51
397 166 45
503 45 100
517 112 9
274 1 79
139 474 26
360 282 86
356 62 45
21 451 88
447 212 47
539 226 43
56 314 75
467 102 66
104 309 97
552 336 37
75 323 9
325 249 64
414 65 90
59 339 41
488 325 74
562 120 12
456 347 84
482 133 53
380 24 67
113 374 79
378 44 98
359 192 26
245 411 22
509 516 73
466 43 80
77 373 9
384 503 67
514 335 58
294 77 86
170 60 91
23 303 54
223 466 26
286 389 87
495 436 3
523 126 36
431 30 43
119 4 83
130 115 12
430 61 92
152 5 60
159 506 8
111 239 31
423 475 15
486 409 90
343 324 72
191 491 90
57 394 74
260 382 58
544 525 88
258 311 43
234 542 66
364 21 97
102 450 14
115 1 59
126 368 28
254 379 2
91 95 64
125 552 65
411 71 55
222 412 38
453 218 100
258 556 48
453 278 68
109 330 16
120 560 5
416 513 84
393 543 42
106 560 75
535 35 78
550 59 32
401 255 14
115 416 39
34 208 94
219 121 86
473 488 45
532 156 4
126 536 83
557 383 48
282 408 70
491 28 20
206 296 85
66 490 25
463 202 87
286 300 19
303 52 14
167 149 70
302 264 93
504 221 35
547 182 25
424 553 91
248 239 6
117 280 31
85 103 92
544 124 15
518 95 87
60 208 5
409 187 45
191 338 38
512 69 34
519 179 34
222 97 25
157 249 92
455 114 96
129 12 7
57 514 30
140 152 89
263 150 85
144 201 98
284 176 44
180 45 65
514 538 99
362 58 20
557 331 8
311 524 85
387 92 33
514 105 91
93 515 37
103 143 43
102 296 40
384 262 70
63 169 29
290 161 81
40 226 95
40 385 37
351 421 51
547 498 96
419 129 46
286 470 61
497 429 94
161 360 41
113 440 49
357 368 97
346 93 12
493 399 65
494 478 44
37 286 44
475 253 92
416 418 52
1 451 63
176 193 37
129 287 3
368 100 13
280 273 59
531 14 72
191 10 92
274 351 78
116 453 32
217 496 97
338 197 73
460 209 20
374 468 61
552 233 55
248 92 7
130 383 12
350 132 24
265 343 68
18 286 35
491 103 20
414 534 33
331 277 59
528 80 33
36 54 59
63 542 94
544 172 58
481 506 70
400 405 59
373 520 79
69 391 64
382 370 7
229 218 86
203 18 99
401 482 61
81 395 47
374 446 10
88 258 95
354 183 6
456 438 82
530 498 46
541 295 83
422 92 61
348 528 71
184 218 78
380 182 47
556 366 78
3 129 54
245 16 61
456 351 55
156 110 82
132 350 61
62 211 22
146 193 30
126 124 28
174 224 25
83 368 90
335 554 47
236 290 23
95 139 26
301 18 12
531 518 8
289 428 37
217 504 53
441 233 92
214 290 52
34 238 53
342 92 78
434 391 89
82 25 22
360 264 73
168 452 97
47 447 1
318 277 5
87 19 52
419 554 44
352 398 83
186 360 19
529 461 34
459 477 19
445 483 9
319 261 74
206 354 2
557 175 78
293 394 10
325 340 37
81 368 19
13 171 14
101 177 13
317 455 74
453 51 32
407 96 48
517 451 86
259 337 51
552 282 88
69 269 87
123 488 63
312 270 22
127 7 100
313 14 56
48 502 15
101 476 15
186 479 2
108 371 86
195 517 11
545 99 69
442 421 71
272 398 25
518 419 64
133 38 42
172 479 31
434 302 12
203 168 49
268 341 22
218 397 77
1 171 94
444 18 62
13 217 85
154 28 56
474 206 89
156 557 18
498 500 96
360 562 63
207 15 69
214 262 23
383 486 79
98 194 24
263 398 66
276 192 54
273 73 4
11 6 32
155 420 60
26 260 79
41 528 99
65 87 20
5 205 71
132 486 47
25 294 13
378 447 90
391 77 25
275 295 96
118 528 31
167 480 95
489 471 41
254 187 80
307 459 68
491 126 24
131 164 85
283 154 73
548 533 58
273 66 44
320 181 59
5 141 52
459 44 98
294 502 36
81 352 78
13 397 4
117 554 66
268 230 33
313 261 78
90 32 92
17 434 30
27 160 48
519 30 70
177 444 26
324 538 97
344 334 14
169 558 93
11 462 98
418 135 29
99 45 23
372 345 89
330 50 15
350 319 45
487 28 23
442 352 75
201 399 67
122 247 88
383 230 100
75 227 76
149 175 66
546 511 43
45 23 45
292 29 86
206 224 9
36 6 65
81 112 59
304 111 71
60 316 44
88 441 64
192 549 17
303 173 44
407 448 87
204 59 37
217 546 4
272 150 29
460 180 20
163 498 60
297 407 33
36 338 32
241 39 17
285 534 78
538 266 53
503 435 83
457 415 76
482 35 33
318 315 20
337 484 87
222 239 59
475 459 1
429 173 59
11 156 24
446 279 37
329 532 56
512 465 85
301 416 80
467 126 43
469 146 50
545 300 70
235 505 44
169 3 15
108 232 61
269 210 57
163 15 90
154 530 26
553 45 97
551 433 5
320 63 88
356 528 29
416 458 48
487 218 82
405 223 27
68 99 10
354 401 26
288 255 32
231 367 48
261 494 31
405 481 95
348 377 56
328 50 98
382 214 93
540 276 97
562 314 88
492 329 23
499 501 79
344 377 16
261 374 100
507 440 98
469 295 57
141 549 81
318 105 27
560 275 52
404 273 37
339 335 54
51 380 12
421 20 35
483 20 72
229 507 65
524 455 5
69 157 88
112 516 53
48 244 41
518 188 77
174 494 47
554 163 77
180 490 63
515 496 54
388 278 3
68 479 30
530 131 82
275 281 78
127 331 12
173 339 7
420 60 16
243 287 14
406 281 63
490 558 89
532 248 24
398 419 23
161 535 88
361 205 46
37 556 39
380 549 74
200 425 53
498 344 56
25 375 83
359 510 78
476 483 71
266 136 68
329 304 26
212 530 71
520 513 28
75 388 49
429 555 31
458 432 98
273 199 62
296 510 38
252 202 97
24 147 46
442 534 72
295 220 31
413 153 13
361 19 96
296 540 1
440 368 64
544 45 66
502 442 69
337 522 47
375 357 37
19 78 24
145 431 93
270 304 49
213 168 49
25 255 30
50 20 98
560 536 15
156 235 76
102 483 82
486 162 94
390 393 36
107 151 28
446 541 45
69 455 29
75 323 46
81 2 20
88 125 12
382 197 21
293 331 61
77 450 5
229 207 58
56 420 45
28 186 8
533 109 21
429 1 37
359 460 35
353 298 23
27 291 39
475 142 14
535 219 65
520 341 27
344 434 77
126 180 49
329 484 87
321 357 52
255 465 5
190 143 92
126 273 41
347 477 44
340 231 38
29 238 59
128 431 46
281 113 66
515 523 59
474 370 1
183 9 86
358 117 90
110 491 45
38 390 99
427 262 4
359 514 50
16 376 17
261 154 36
503 74 93
65 562 89
358 94 86
189 450 66
275 309 5
321 317 47
373 308 25
211 268 86
382 548 49
57 543 42
219 487 18
181 421 45
109 217 69
407 83 61
326 457 22
176 260 20
131 419 29
430 415 95
509 354 21
66 171 10
253 275 39
102 396 87
361 55 19
460 51 51
29 131 76
261 157 3
475 537 44
144 352 21
345 113 38
353 149 90
73 231 54
549 473 62
183 401 31
445 403 93
410 133 16
70 215 91
284 174 35
470 189 59
556 23 6
407 343 53
345 367 30
303 367 40
340 261 62
533 128 70
547 518 45
277 244 76
197 162 28
481 483 38
192 209 7
420 267 3
442 273 37
516 230 5
161 469 77
226 31 14
9 189 16
344 211 27
63 224 65
395 326 8
56 522 5
363 194 23
439 122 13
230 273 7
55 214 95
475 459 87
172 184 16
312 130 52
120 202 10
324 296 85
506 295 62
482 358 13
516 55 47
437 401 7
462 450 73
208 537 12
361 5 17
442 28 93
90 45 99
25 33 100
99 272 9
307 156 27
551 213 38
106 266 19
471 209 1
460 279 75
449 102 73
399 559 69
396 165 94
331 104 15
428 205 19
38 477 98
469 163 21
435 317 36
186 408 49
544 458 66
234 196 76
240 268 68
172 203 43
307 562 92
255 240 94
190 421 68
116 296 42
484 375 4
276 497 16
32 295 44
301 537 48
322 230 46
262 57 42
99 441 89
70 486 44
339 145 36
290 492 27
143 472 39
223 25 3
266 142 22
389 291 56
304 364 97
400 499 30
36 416 25
5 349 75
208 494 92
299 6 99
237 85 76
247 225 96
339 351 2
343 446 57
513 297 51
183 4 40
87 322 75
108 140 5
467 267 51
325 178 48
460 32 90
244 494 75
21 166 37
450 332 79
346 553 56
270 109 21
202 373 32
238 518 51
433 548 44
460 148 83
508 63 6
224 149 31
510 427 15
504 482 88
293 132 92
397 401 34
318 232 36
167 259 85
68 189 2
484 408 47
121 543 78
562 201 98
198 234 87
214 529 57
371 308 20
181 84 83
185 412 24
444 27 41
45 488 60
165 392 56
163 31 66
35 211 33
551 288 57
415 163 34
414 158 3
90 158 82
360 245 99
43 426 87
64 112 4
81 416 33
100 105 46
279 325 61
459 66 31
287 15 8
215 296 35
476 37 21
225 114 71
308 397 67
420 214 22
262 392 21
243 483 12
228 421 82
517 325 32
5 437 78
204 145 39
529 298 8
119 516 86
106 7 62
108 109 100
181 218 47
520 493 19
261 408 29
92 207 40
430 300 54
137 153 95
155 181 84
243 167 33
349 249 91
247 550 59
538 486 34
159 555 14
452 101 65
168 375 42
12 56 5
371 299 47
532 531 7
43 28 54
210 148 65
307 244 51
92 80 64
562 379 58
142 542 4
374 211 21
389 67 16
480 183 9
369 285 9
281 253 80
230 290 39
523 54 93
183 523 73
194 260 89
223 8 15
449 268 59
8 403 44
97 176 87
298 258 38
79 199 99
540 466 92
59 473 6
188 302 9
392 514 32
400 399 47
474 87 97
535 435 93
7 203 57
9 534 29
453 175 20
179 334 47
479 243 34
264 459 24
478 462 99
324 157 83
384 411 49
273 45 48
296 93 13
182 528 26
534 437 83
467 160 56
170 414 26
439 326 25
153 242 42
446 61 25
431 383 75
436 366 26
39 433 93
533 331 26
9 539 57
367 322 72
180 501 32
459 103 11
17 85 11
176 393 81
503 174 10
221 323 73
494 125 25
170 375 98
411 26 10
215 238 91
219 344 99
27 328 28
248 429 68
468 334 10
116 432 57
525 199 69
314 49 30
511 359 68
302 226 86
316 185 15
40 123 59
466 43 12
305 149 4
534 542 47
118 545 15
517 198 55
65 345 99
399 422 36
408 207 6
534 351 91
308 70 32
436 275 20
241 369 54
229 556 26
503 114 48
217 356 63
543 472 55
37 126 96
32 131 76
499 437 6
539 365 97
76 557 43
191 404 33
460 286 89
58 154 32
92 97 30
326 373 72
429 371 43
134 157 16
77 495 76
502 296 25
15 92 62
225 179 42
524 179 81
501 208 98
175 332 90
10 515 15
424 190 39
388 439 55
384 525 13
35 157 21
467 475 41
84 525 7
59 450 31
237 215 57
147 204 72
514 47 85
216 38 89
62 539 89
326 351 67
258 47 27
521 317 85
169 228 98
251 529 41
415 483 17
218 36 54
19 289 72
138 157 58
101 467 21
128 109 59
534 471 57
16 547 39
426 176 31
220 424 73
109 161 53
435 82 65
499 232 37
412 25 81
453 550 91
561 522 45
155 108 35
334 289 63
226 103 17
257 369 81
551 205 4
143 193 32
534 179 31
83 360 26
517 60 64
512 58 15
18 127 25
250 32 24
552 517 27
13 381 12
345 103 85
200 251 24
548 198 16
359 506 77
270 154 9
519 181 99
265 52 46
278 538 21
138 442 6
284 505 54
9 329 15
400 90 73
38 507 39
61 536 86
299 41 37
203 264 73
189 197 9
1 78 24
306 386 91
272 496 60
317 83 39
266 282 88
373 136 36
462 14 80
353 311 59
435 134 93
363 150 68
309 123 83
557 204 37
61 324 81
374 227 60
362 402 85
68 6 67
101 466 92
279 469 80
265 455 6
47 22 77
16 103 47
312 393 74
561 474 70
134 32 72
418 103 35
100 262 51
270 433 38
145 205 2
370 5 8
72 506 22
233 55 56
293 228 17
370 260 53
132 382 47
269 467 37
105 351 25
53 435 69
522 77 50
396 151 77
22 32 93
158 429 10
412 298 19
480 282 97
187 323 92
192 555 65
205 203 35
477 553 67
474 50 44
176 346 97
543 493 89
340 158 88
556 548 42
20 143 95
245 321 23
266 105 63
75 367 25
523 469 81
290 142 9
248 143 48
359 188 64
36 324 64
425 175 80
33 70 56
1 296 2
533 255 99
149 300 26
508 391 81
309 136 84
345 206 89
325 15 36
139 460 20
490 317 90
317 526 71
389 452 62
433 348 52
11 121 33
357 128 19
236 543 67
298 201 78
316 141 23
479 484 71
6 487 70
228 93 9
347 147 82
279 475 80
272 193 70
36 221 23
450 556 74
63 159 7
181 79 78
48 172 50
460 509 19
94 508 84
262 27 10
367 89 51
393 7 38
159 281 13
417 490 38
194 134 91
224 334 68
327 544 1
229 140 5
313 376 60
533 441 88
91 221 82
273 438 4
284 339 23
392 433 22
153 120 57
1 108 76
23 160 3
527 37 34
401 267 1
322 295 58
58 258 31
36 311 11
344 461 18
554 535 30
381 364 74
547 73 27
67 158 49
440 534 62
415 408 92
448 485 10
33 151 95
185 460 25
70 374 52
189 8 28
465 339 43
462 276 68
192 182 8
49 68 22
324 212 29
237 519 6
395 384 32
423 309 81
202 219 52
443 31 86
417 100 55
527 359 75
398 527 1
486 208 21
136 433 32
132 389 50
199 154 27
190 126 58
304 389 82
141 321 71
445 305 63
139 541 43
244 283 61
428 380 16
400 373 98
411 311 86
162 543 70
154 12 14
348 80 16
534 388 73
329 390 4
166 327 37
84 158 79
195 290 50
476 325 30
250 95 86
34 235 77
309 403 27
336 128 36
385 289 45
6 346 62
14 113 18
206 173 64
303 237 66
190 18 43
102 535 47
20 380 89
306 31 75
486 164 26
324 33 18
128 522 75
177 201 4
238 496 100
206 329 12
146 339 15
152 214 16
148 459 14
71 269 85
417 110 57
434 483 74
65 476 42
532 40 90
233 122 68
227 235 26
314 64 22
105 546 93
188 553 64
450 138 93
521 188 97
463 310 80
413 79 81
388 499 2
436 470 79
178 278 40
440 480 24
179 297 14
479 415 67
90 442 97
521 259 90
380 200 12
210 557 41
347 430 94
218 129 10
29 268 77
475 313 24
501 212 17
225 221 40
341 294 63
234 428 79
38 372 1
63 423 66
346 339 50
216 368 8
234 318 55
456 458 3
313 157 1
457 229 88
473 464 90
199 79 42
64 486 12
445 335 34
81 55 16
192 88 85
269 502 92
460 282 53
337 128 69
160 147 55
332 309 61
230 299 20
119 173 17
74 351 54
80 95 66
311 45 67
419 519 93
549 83 39
464 119 50
498 260 43
72 309 94
342 21 82
202 362 72
54 509 16
495 448 46
283 35 75
408 1 76
252 325 23
193 560 81
476 311 85
74 536 50
285 425 50
260 304 98
63 178 56
491 451 89
319 368 57
432 184 53
208 298 18
385 51 66
510 101 5
33 75 38
159 524 3
171 200 9
484 143 37
176 382 75
13 446 43
560 29 70
93 223 34
17 133 56
290 51 56
561 160 9
390 334 53
117 98 85
271 2 43
373 141 56
368 11 91
124 23 50
319 375 49
168 405 30
323 497 96
