52 535
22 71 80 70 28 4 9 26 6 17 33 68 83 98 60 2 42 29 60 47 96 59 81 62 14 40 53 41 3 12 86 98 71 81 17 4 40 57 78 90 23 29 22 40 96 93 61 21 43 19 83 1
36 47 11
18 5 34
22 25 33
19 32 95
26 10 61
52 3 88
43 39 19
32 30 41
50 10 63
36 10 58
16 9 92
30 33 11
40 10 78
28 23 1
20 21 75
6 45 65
39 15 60
45 43 79
13 41 12
37 21 78
6 2 42
2 45 34
50 32 21
34 9 55
23 1 47
6 16 3
43 19 67
34 48 65
27 34 74
24 13 48
10 21 98
18 21 33
16 23 76
4 45 38
28 12 69
47 7 15
24 5 90
40 43 97
33 12 19
5 7 13
10 8 33
47 25 6
36 49 48
25 17 83
9 24 4
45 24 43
41 40 7
29 51 2
2 41 44
40 50 97
26 23 26
33 28 19
30 40 16
27 35 69
4 34 66
49 9 81
28 22 44
18 48 9
30 6 18
22 32 89
11 47 4
38 52 42
25 19 52
22 36 53
17 4 30
46 48 98
34 9 92
12 20 29
19 7 42
37 19 63
22 24 96
36 15 51
4 31 63
40 36 58
34 3 40
52 36 98
2 5 51
32 1 15
32 17 79
1 43 45
31 8 68
50 12 10
17 24 49
1 11 35
30 49 23
14 6 63
40 24 26
50 23 47
11 25 75
28 3 46
50 13 83
20 30 90
26 43 3
9 19 36
2 41 99
27 31 27
41 40 78
32 1 2
3 27 52
38 22 88
30 41 43
37 47 6
28 4 71
18 16 20
51 42 3
17 35 96
4 31 6
14 32 4
6 35 51
25 46 94
30 35 89
34 35 97
28 52 96
19 52 36
13 22 38
12 43 46
46 27 60
3 7 51
10 48 26
44 51 57
2 30 12
36 7 49
5 20 93
22 26 76
40 38 95
10 41 88
19 16 20
11 27 31
35 13 88
4 1 46
22 52 3
2 11 14
20 19 50
12 37 3
11 21 71
1 6 47
45 15 63
28 39 47
36 32 44
3 12 4
23 25 83
43 40 99
23 5 13
5 13 79
9 10 57
5 13 16
35 47 70
21 9 66
6 21 29
31 45 86
42 39 6
28 50 1
16 44 76
28 50 96
1 25 3
21 35 5
20 49 21
17 14 55
14 48 71
17 4 67
30 23 10
16 40 62
31 10 8
25 43 73
20 12 25
7 28 49
5 7 91
10 22 21
46 21 61
33 43 83
13 3 53
42 29 31
16 36 45
50 7 24
17 40 66
44 42 97
18 11 83
8 33 45
4 42 93
17 21 98
17 32 55
29 3 80
20 15 34
44 31 77
48 46 30
15 28 79
9 47 5
13 25 40
2 50 51
7 9 10
43 25 48
15 19 32
7 41 75
38 18 65
1 23 80
4 35 95
8 51 60
29 2 12
18 19 28
15 13 74
34 15 59
43 17 93
39 2 45
23 33 36
7 50 96
10 42 95
38 21 36
49 44 55
32 29 53
44 2 11
34 43 62
33 12 34
11 1 69
7 35 31
7 23 1
29 37 51
23 38 3
14 15 55
50 22 77
33 32 5
16 25 71
51 32 77
37 52 7
23 5 76
37 16 10
9 16 29
51 3 83
46 32 80
43 28 35
52 40 53
33 4 43
26 6 78
23 45 16
24 11 69
34 11 73
17 48 83
24 51 8
43 24 96
47 33 25
51 3 70
32 26 62
51 46 81
42 47 37
18 8 2
15 33 32
26 43 30
16 41 99
49 31 33
43 3 62
41 42 70
32 37 1
21 5 19
45 23 62
13 12 85
36 20 17
31 45 76
6 36 43
6 26 16
18 31 46
28 7 60
21 33 38
9 1 50
16 7 20
2 34 96
25 23 57
1 5 28
20 15 97
47 42 9
20 47 81
14 46 44
50 51 83
32 44 7
36 20 42
45 51 64
13 11 7
28 23 94
23 32 28
36 2 42
12 10 81
1 52 3
20 19 5
10 8 54
26 50 95
7 48 95
23 27 68
38 8 49
50 15 45
45 34 52
44 2 96
13 36 56
6 37 83
26 13 88
34 21 92
25 35 28
15 41 98
16 14 98
8 31 9
26 29 10
18 19 88
52 31 79
33 43 17
28 19 50
43 26 10
49 12 75
40 34 89
26 37 19
6 13 7
49 35 26
34 22 8
7 36 95
52 2 32
41 29 89
8 48 8
11 37 44
48 29 8
9 19 84
9 25 61
12 14 54
44 20 13
26 48 86
28 27 22
24 36 97
44 24 66
52 30 76
24 33 41
31 26 31
34 16 92
18 32 49
41 34 68
21 15 48
34 33 65
50 19 43
16 51 80
23 15 14
44 7 35
33 12 84
41 18 74
1 40 87
31 42 41
8 41 52
7 29 68
19 4 36
11 8 56
8 1 19
47 44 75
41 4 64
28 29 74
8 25 57
35 45 35
47 2 50
41 5 77
44 7 98
23 33 81
29 23 59
25 45 51
33 16 6
29 23 25
29 24 7
24 44 68
14 39 13
44 20 72
44 15 43
21 51 92
29 2 9
39 47 76
25 17 88
15 51 96
47 25 100
48 14 57
50 6 64
46 30 85
45 6 8
1 37 12
38 47 88
46 48 20
2 14 41
36 2 57
23 4 7
13 8 14
6 3 33
45 6 83
26 43 41
13 4 100
2 48 49
13 1 77
42 11 47
48 23 42
47 7 98
32 30 38
41 14 30
21 20 43
29 20 26
6 36 86
10 44 70
31 19 8
47 38 30
10 51 46
41 24 15
26 34 56
16 12 90
30 34 24
8 6 42
35 4 47
29 42 66
27 6 32
24 10 84
19 30 11
37 17 62
50 18 3
49 27 15
19 43 70
17 6 10
38 44 64
4 22 6
23 21 45
19 47 46
4 34 7
47 33 69
14 3 73
37 12 38
1 39 52
30 46 77
5 43 37
48 1 53
16 12 13
26 44 73
14 28 85
3 28 95
28 48 77
39 11 22
22 25 9
24 27 40
39 9 8
11 9 34
9 37 95
43 34 86
9 47 34
1 51 20
46 31 9
13 3 15
6 7 60
25 13 93
46 47 68
42 35 57
28 47 6
17 43 99
21 19 87
13 30 10
7 38 56
11 51 12
11 51 51
24 51 65
15 6 85
33 3 20
31 24 43
52 4 88
4 32 68
36 15 51
44 43 23
4 3 32
33 38 70
50 21 52
40 36 91
6 17 24
17 13 83
7 22 92
50 5 6
8 2 19
27 6 90
34 11 94
13 32 75
40 1 43
21 47 68
4 50 33
23 4 59
35 6 98
27 42 27
39 29 98
16 15 78
49 42 4
1 15 51
31 4 46
43 31 35
16 32 78
36 22 15
45 2 83
1 2 45
1 47 29
39 14 40
30 32 19
47 32 71
33 13 76
37 17 49
24 21 35
27 24 75
14 49 19
37 14 51
36 6 41
10 1 20
37 30 8
49 12 28
25 32 99
25 31 38
20 10 91
12 5 58
41 10 95
3 12 8
32 36 74
2 47 30
8 15 41
37 29 48
18 7 23
18 28 56
35 34 23
26 9 89
40 31 71
44 36 48
6 26 89
9 13 41
32 45 54
13 1 18
14 45 9
26 5 94
52 47 86
36 43 33
46 25 8
8 18 31
49 18 20
31 39 23
11 4 31
8 7 75
40 2 56
30 22 14
36 37 79
18 24 12
