513 7439
28
17
21
93
72
78
43
27
40
12
57
97
45
1
38
26
35
80
2
58
11
27
89
52
28
79
62
2
1
29
27
66
35
15
4
76
81
42
44
3
43
61
87
30
55
7
5
21
61
77
13
42
26
18
52
19
14
80
54
51
73
95
23
16
86
7
56
28
59
46
10
71
67
1
43
99
65
62
14
70
60
76
75
40
42
17
49
21
56
89
32
61
62
2
7
68
15
90
32
80
53
54
1
12
18
47
89
51
100
98
82
40
28
87
12
7
3
99
75
100
65
72
43
96
56
97
45
38
67
73
64
30
7
50
89
89
50
86
48
41
81
22
72
28
26
93
30
100
83
71
5
51
55
50
37
58
2
57
77
100
77
57
88
37
36
33
27
1
86
60
56
77
81
66
65
59
30
63
49
9
53
12
45
18
63
4
100
93
80
67
95
71
62
40
38
59
97
6
90
71
10
98
90
85
54
32
17
60
33
47
8
77
67
24
40
38
33
57
38
64
14
48
13
18
97
41
41
23
9
5
1
74
27
11
31
47
55
25
78
39
72
15
16
44
87
14
55
96
32
32
61
32
23
95
12
60
41
83
56
2
8
51
25
50
22
26
21
75
87
46
34
12
53
48
96
79
75
76
46
59
18
18
75
14
18
18
81
47
75
84
9
69
61
9
98
47
12
93
97
76
23
58
19
29
87
83
63
3
68
29
4
11
4
31
78
49
89
59
63
12
63
88
60
35
44
29
67
37
93
53
91
10
15
72
43
5
63
38
80
35
44
65
82
30
55
62
48
83
25
39
97
96
33
33
66
44
58
50
40
29
70
48
39
21
49
42
91
82
42
75
7
98
20
78
7
36
42
81
100
6
54
56
71
74
19
31
40
5
12
29
87
55
31
46
73
63
95
58
95
82
83
62
34
53
26
17
63
21
2
46
61
82
61
61
70
18
37
45
3
19
78
19
6
38
100
86
63
1
98
47
23
87
26
96
100
44
57
34
2
91
34
10
63
81
55
60
46
77
14
58
31
34
5
79
18
92
83
3
29
66
98
62
42
28
50
67
1
72
58
88
90
97
10
30
19
77
93
17
37
15
73
98
7
100
49
90
3
76
38
64
44
94
15
87
4
55
61
74
10
34
80
10
45
35
95
86
50
46
91
90
70
53
38
304 330 71
9 206 46
8 166 25
46 185 17
356 141 62
185 168 96
229 376 64
450 368 54
153 179 84
493 296 16
397 103 22
176 424 81
421 364 48
450 491 81
483 335 8
288 277 29
62 461 1
148 384 11
82 449 4
269 272 42
432 170 22
137 59 86
283 165 35
451 376 77
266 325 29
23 276 48
86 81 77
121 393 34
61 311 44
444 76 69
130 171 82
201 317 2
127 358 31
27 401 85
46 9 69
500 220 37
182 160 27
144 292 11
432 413 21
294 263 3
217 243 45
389 368 43
237 6 83
481 152 50
64 492 51
346 106 84
325 34 43
177 170 4
462 17 16
68 113 67
388 383 66
374 505 66
97 303 10
23 347 85
485 493 25
208 494 45
508 290 53
444 382 43
87 437 56
217 319 16
278 38 65
110 470 34
258 173 30
74 132 36
76 144 1
129 323 21
203 351 65
27 401 86
9 85 49
427 313 63
370 102 83
185 507 65
104 237 84
327 510 97
49 227 41
504 271 38
412 262 76
372 331 58
296 341 62
238 347 31
448 437 32
351 173 29
305 81 14
85 259 20
147 157 72
42 356 30
121 340 5
368 108 38
379 245 26
283 372 55
233 20 14
60 457 22
476 84 100
19 361 77
424 498 64
408 31 7
111 248 7
18 282 56
26 205 48
346 224 10
220 333 64
472 425 99
244 264 9
184 17 2
164 47 71
384 8 28
434 125 35
491 226 56
302 163 33
296 478 50
41 230 36
500 56 22
320 25 41
259 77 43
165 466 91
451 477 71
110 264 64
4 444 8
258 249 9
289 401 33
301 159 44
28 218 94
8 173 99
449 270 43
357 210 80
37 148 66
339 304 74
297 285 74
16 31 18
320 174 13
222 251 2
1 151 92
297 475 59
327 36 84
471 161 32
345 266 42
360 11 100
96 421 70
17 167 24
352 197 35
235 172 77
79 308 46
460 489 14
234 513 91
273 466 72
13 379 63
216 112 69
501 434 46
394 7 86
192 155 52
444 415 93
47 108 38
331 196 67
63 252 51
155 502 20
174 457 73
37 162 4
68 144 58
297 213 99
363 31 23
158 371 87
130 159 84
156 23 91
125 404 27
417 112 78
501 203 42
83 349 82
263 6 18
383 76 30
98 404 23
314 250 53
426 16 66
9 480 95
106 494 7
205 5 40
394 235 39
43 247 91
128 95 49
40 349 23
123 151 7
342 511 4
363 486 4
114 13 62
244 80 61
443 123 99
22 23 19
441 364 7
14 41 6
89 415 5
113 282 100
100 51 9
484 264 77
228 242 56
261 460 64
140 504 68
216 232 85
54 244 20
168 242 69
245 431 55
430 7 32
148 303 49
387 436 54
93 188 44
11 423 88
188 2 82
322 34 18
501 33 11
4 331 63
255 256 5
462 190 95
213 108 35
506 400 3
335 475 57
278 313 26
115 47 82
303 300 94
98 260 38
307 260 62
191 33 75
7 459 80
220 260 93
405 56 67
422 204 76
118 17 80
409 311 40
193 7 31
486 74 6
104 55 61
164 321 50
275 193 8
309 216 24
380 333 25
333 313 66
411 302 36
306 385 92
324 71 65
193 176 57
291 144 79
286 67 57
313 485 45
464 281 45
47 189 79
420 262 49
361 409 76
407 173 86
502 75 63
496 166 72
135 400 40
1 35 8
137 219 31
392 15 66
174 291 81
236 362 1
458 447 27
88 357 73
403 483 53
41 505 33
382 259 90
345 486 40
48 394 65
305 256 49
159 377 14
46 241 92
170 381 76
334 290 69
387 208 80
403 315 33
403 267 91
313 273 53
416 76 18
240 140 75
130 455 46
208 182 37
324 135 94
42 475 21
205 52 7
373 331 59
444 141 23
371 446 99
442 377 23
285 53 46
438 446 47
77 235 66
140 429 26
295 281 27
2 192 8
274 427 95
322 230 83
289 40 86
118 384 53
486 439 75
363 30 35
485 390 64
104 435 22
167 276 86
89 299 82
383 242 19
182 250 25
34 355 28
388 222 38
40 250 93
436 413 81
204 19 33
136 478 4
107 79 56
424 325 94
381 209 34
179 266 80
307 66 69
145 40 40
464 277 19
132 3 88
286 76 27
327 407 58
266 510 40
177 37 8
293 499 92
108 309 81
306 489 15
230 190 55
126 435 64
119 38 65
289 79 17
215 131 96
33 224 40
215 440 58
109 19 61
285 145 77
463 85 85
446 481 61
340 28 35
293 455 4
419 12 5
356 5 14
427 296 45
252 210 18
357 105 70
194 256 67
57 48 58
117 399 43
388 52 30
396 166 80
223 100 83
504 511 95
34 59 72
502 168 77
126 334 72
9 170 38
72 45 61
127 448 3
479 450 45
219 13 16
413 23 29
18 378 40
68 507 86
293 457 44
492 88 5
507 284 19
263 4 100
214 308 33
110 510 65
446 510 52
103 304 49
205 419 83
381 439 32
280 307 37
334 154 11
175 218 74
134 92 53
421 332 57
490 444 85
503 263 98
404 16 21
23 415 90
25 94 33
345 458 80
511 83 24
394 201 79
104 229 59
347 169 89
496 86 84
407 397 64
284 12 72
364 246 98
86 70 7
344 412 32
362 426 3
168 275 35
329 158 89
292 112 30
430 73 15
346 208 73
159 233 20
375 492 66
55 459 37
178 117 72
92 345 52
327 90 38
395 141 74
105 509 3
369 509 90
217 467 36
250 244 5
446 330 91
67 457 23
319 60 52
415 68 57
268 193 20
94 175 7
332 90 27
430 174 16
318 9 86
280 336 70
365 388 52
414 300 70
293 196 83
252 244 77
21 144 55
436 339 21
303 44 69
32 379 46
270 390 10
2 420 35
74 272 59
200 393 47
83 337 64
322 137 93
45 135 28
247 23 25
245 467 3
425 151 71
169 330 31
308 335 16
76 485 66
88 36 87
36 334 87
181 362 63
435 369 100
278 318 1
275 253 40
216 244 61
233 406 71
287 512 64
402 334 84
247 42 45
412 183 88
414 374 20
274 345 8
240 244 14
401 494 36
472 442 67
137 155 66
282 115 98
73 2 69
461 360 34
91 57 74
100 336 98
168 254 98
145 75 16
483 490 67
19 161 84
115 447 85
409 355 20
310 422 75
219 438 85
342 280 18
76 211 88
244 451 59
227 317 15
280 360 20
432 483 61
312 474 5
315 335 19
141 249 13
459 251 62
253 513 68
159 268 51
481 367 61
321 173 85
94 457 54
504 227 78
388 404 50
247 105 51
33 355 29
366 6 28
428 24 46
304 218 11
169 218 56
14 388 53
304 76 26
418 408 31
102 239 78
363 306 19
130 296 93
79 71 9
400 396 53
47 16 46
336 21 24
322 455 72
175 492 63
489 349 55
345 150 93
453 477 91
197 428 15
30 392 24
276 91 78
381 139 64
214 204 54
39 37 61
151 271 16
17 462 86
381 118 75
129 158 13
327 321 99
415 225 98
241 318 63
296 440 80
446 240 46
131 44 72
137 126 70
465 436 10
432 272 94
331 84 92
239 321 31
319 437 92
286 498 93
359 162 98
440 308 29
268 216 79
279 302 78
212 331 61
270 150 43
392 71 78
204 409 19
197 298 45
370 373 63
37 111 21
6 484 80
423 401 49
187 276 83
185 258 38
399 294 66
96 38 7
299 163 15
402 122 13
471 416 25
414 452 93
456 398 81
342 407 59
506 440 75
33 206 29
35 281 25
58 257 81
277 375 17
21 439 22
248 374 86
314 90 54
251 437 90
271 163 70
333 113 72
489 470 12
498 503 8
241 270 32
76 500 97
287 164 68
68 155 19
6 131 13
420 48 41
121 454 34
123 422 73
235 165 21
82 150 23
281 448 89
280 278 25
351 491 54
259 102 89
21 219 59
400 438 8
118 282 39
305 493 60
88 284 3
378 502 82
106 357 80
135 398 72
258 86 22
187 503 88
130 204 21
2 102 87
288 485 17
64 290 40
30 411 59
272 241 12
278 321 6
430 14 72
320 453 68
479 336 19
292 18 48
117 420 6
459 239 4
500 388 20
156 315 28
186 154 75
437 20 16
184 107 26
335 132 37
474 265 92
291 240 74
498 168 68
279 23 32
419 454 70
45 8 31
77 393 39
307 31 35
437 404 10
260 179 87
243 214 19
146 450 86
509 324 20
42 437 58
347 28 16
395 233 14
314 293 10
287 473 15
6 301 34
111 318 51
9 167 77
183 251 62
436 79 20
199 318 33
452 499 21
276 361 66
258 54 23
340 106 85
372 148 63
415 400 33
489 282 75
504 77 41
249 200 78
453 150 53
349 499 31
399 92 85
93 279 71
487 267 69
55 262 54
430 93 58
287 211 30
149 455 51
368 344 1
286 366 90
392 439 66
481 488 41
351 366 26
229 359 35
221 68 90
424 249 48
326 106 98
22 389 71
390 150 1
365 95 93
210 305 22
237 368 76
250 309 91
113 416 93
8 39 41
213 449 29
67 181 9
24 379 69
258 81 11
124 365 82
165 415 93
116 488 81
367 287 38
460 276 53
103 507 80
251 230 58
97 124 75
414 11 99
305 341 60
387 123 71
486 297 100
484 194 3
414 75 93
148 346 37
440 375 82
97 165 31
125 337 81
59 209 17
176 35 97
109 65 81
494 234 65
219 152 88
48 406 97
242 344 69
318 294 68
120 85 81
423 111 98
12 311 75
30 473 4
453 322 37
222 419 60
456 240 66
136 424 90
281 319 61
133 271 90
137 154 77
133 8 54
496 94 84
35 231 34
371 19 57
137 52 9
76 311 89
112 249 98
146 488 23
441 235 98
53 237 98
404 347 55
473 83 48
166 347 68
488 504 49
502 126 46
267 324 4
15 303 38
77 136 58
60 360 37
106 78 21
349 217 74
464 31 88
23 35 92
241 380 10
462 283 100
204 32 23
250 400 22
61 484 36
311 219 65
99 311 87
459 74 89
413 198 94
327 276 46
159 71 96
435 508 29
363 398 73
48 257 84
399 300 41
167 299 13
199 26 10
334 75 34
275 305 82
282 431 37
30 87 46
420 371 70
331 376 54
370 167 32
470 370 17
439 124 21
356 33 66
18 141 26
150 339 73
501 302 68
142 497 4
182 292 8
218 280 53
195 207 71
10 376 51
77 210 59
117 225 48
48 82 11
195 63 34
294 94 42
93 49 77
83 138 22
217 417 94
500 93 36
460 366 5
360 94 78
8 84 100
94 365 84
445 379 56
393 336 70
122 410 99
224 449 74
44 19 100
247 271 21
319 190 23
245 173 40
270 83 5
30 16 75
6 167 31
239 172 4
265 80 43
12 264 5
17 116 28
75 5 85
483 193 69
335 86 31
293 129 12
370 86 96
139 328 17
143 381 48
393 261 44
311 319 52
98 63 28
100 443 13
314 499 34
438 50 6
72 141 22
317 203 71
233 62 76
239 262 56
492 457 97
36 328 4
128 385 57
140 4 68
488 186 59
26 3 75
231 271 45
366 143 73
29 507 40
166 237 6
176 231 32
150 185 94
55 309 16
72 51 11
263 470 68
353 222 53
223 94 51
179 88 18
287 169 23
266 16 83
344 487 91
323 448 31
488 465 96
393 37 87
282 47 72
337 294 72
298 98 3
93 119 55
273 75 76
395 429 50
325 119 79
400 132 80
157 329 74
433 207 98
505 317 64
463 12 68
235 55 49
93 184 71
335 370 91
89 323 17
438 445 5
505 118 67
11 236 26
83 272 31
118 508 17
424 201 77
102 233 66
337 132 23
327 97 64
20 40 54
26 206 12
390 368 31
510 241 93
156 286 31
102 153 4
134 17 3
215 204 31
276 504 54
216 385 54
35 73 55
192 234 28
273 314 99
166 16 2
410 470 57
237 348 73
253 77 99
97 367 65
441 362 90
466 152 68
254 120 38
334 421 63
250 355 12
147 196 48
230 183 44
329 340 38
376 286 58
127 302 97
397 118 40
447 425 61
237 412 25
206 494 32
351 110 44
207 5 18
18 339 47
374 130 6
505 455 94
138 109 80
313 456 85
371 86 60
340 235 44
11 226 5
331 234 83
12 196 100
92 228 19
314 203 67
65 322 24
436 447 79
421 478 66
306 486 7
161 332 44
380 384 57
405 127 72
410 119 59
35 452 80
410 58 41
110 92 2
54 76 7
212 82 52
368 485 4
65 427 12
372 100 78
378 250 71
325 313 11
94 463 64
186 134 4
203 484 42
468 260 48
419 247 25
418 261 48
348 400 40
38 197 100
210 318 8
315 456 43
198 17 70
500 225 60
76 55 28
385 438 23
106 266 50
87 387 38
477 283 21
337 332 48
94 93 58
414 344 80
395 324 38
153 317 49
232 419 8
252 102 84
493 115 79
305 20 41
294 504 17
56 54 67
457 205 30
478 331 14
213 311 75
441 221 25
130 58 72
156 5 28
190 86 57
121 294 8
208 481 16
397 304 52
498 451 59
225 108 86
425 70 3
319 304 59
250 209 33
7 304 54
88 138 56
303 19 99
235 429 1
123 460 92
2 114 89
507 253 23
469 333 13
225 491 85
395 57 18
9 53 26
122 386 89
394 110 60
373 295 64
222 19 40
103 489 78
407 260 16
333 170 37
403 386 77
408 360 21
392 112 55
323 243 35
385 11 21
35 180 96
298 508 80
106 167 23
96 358 93
403 192 13
66 374 47
75 241 39
333 457 21
189 336 70
341 335 13
379 140 70
346 259 66
18 488 10
387 174 70
12 166 95
396 410 89
25 117 70
45 340 46
316 166 22
190 416 37
358 433 72
335 133 19
87 430 2
223 385 48
354 171 68
198 303 79
145 99 96
414 61 94
269 505 56
203 85 28
313 365 48
396 80 1
463 69 4
308 292 43
302 159 68
306 124 17
367 225 40
248 171 46
391 413 82
95 354 17
307 3 49
269 200 46
507 302 14
402 331 49
377 29 45
202 288 98
301 431 72
210 452 42
132 110 20
294 52 52
500 503 61
238 188 50
141 363 18
281 483 3
267 220 95
225 496 84
215 16 96
376 165 100
78 76 90
471 350 87
287 393 13
118 435 25
303 278 46
247 267 10
380 94 41
357 263 12
492 126 16
243 199 35
313 451 51
261 61 62
380 221 27
22 190 58
35 506 52
14 380 5
93 499 39
485 511 93
307 490 48
483 412 29
152 416 38
492 223 44
244 228 22
280 324 5
115 67 52
335 345 21
181 77 20
229 207 23
478 492 33
490 93 32
178 442 21
79 269 94
430 54 24
301 383 10
22 280 54
330 135 29
160 290 32
160 147 98
336 78 27
502 194 2
402 110 15
125 349 23
467 214 85
198 18 52
309 253 24
236 47 64
154 391 73
438 182 11
45 356 43
199 504 57
382 499 15
434 5 7
119 331 92
255 285 53
290 299 71
24 344 80
193 291 67
475 440 87
113 208 2
28 502 28
381 510 51
85 453 2
456 36 84
67 441 22
103 347 10
238 235 41
106 65 86
238 145 57
436 59 25
424 290 59
83 228 51
506 466 48
161 5 2
301 207 34
391 301 6
275 289 9
290 439 37
511 201 39
396 235 50
308 329 72
30 115 88
240 179 64
245 242 60
436 361 39
363 404 100
56 448 36
127 108 63
383 282 99
29 281 38
129 330 28
34 7 43
398 6 85
83 435 67
91 21 50
412 45 67
348 273 1
147 37 39
60 391 20
185 459 88
378 105 89
472 216 24
67 175 10
214 322 27
449 312 85
160 173 44
4 197 73
472 376 23
451 134 30
150 234 25
372 482 38
116 66 38
421 403 84
299 313 61
487 409 67
449 450 84
507 125 37
274 408 85
385 387 56
416 371 89
438 155 80
12 24 11
119 117 22
436 42 49
38 401 38
49 457 71
156 18 44
16 189 51
403 429 10
336 92 2
56 456 27
376 486 38
35 217 93
239 297 66
106 2 73
494 41 66
486 65 4
221 101 10
187 52 41
297 208 7
141 349 53
384 393 5
283 21 42
179 478 87
443 104 46
146 19 70
139 89 12
23 187 97
496 105 48
378 331 4
240 91 70
153 263 88
86 214 71
352 433 56
22 198 98
346 400 46
163 365 79
485 355 50
301 191 48
95 331 66
68 171 9
456 439 89
182 356 81
180 512 87
423 49 6
228 235 1
485 318 22
399 187 9
21 112 38
256 402 35
3 298 96
282 447 99
159 485 31
441 241 27
229 235 45
170 40 89
508 252 6
235 137 24
395 185 77
85 137 7
153 478 93
366 200 6
508 133 39
404 16 72
304 452 6
286 60 95
221 144 27
173 383 39
134 18 88
401 368 55
308 69 97
196 300 70
202 82 93
461 468 60
496 477 75
348 214 28
277 128 4
307 268 59
229 278 36
354 142 73
25 28 37
255 345 21
21 96 3
431 330 38
77 327 52
48 484 88
51 201 96
425 434 78
228 450 31
191 21 62
454 425 83
56 434 38
446 15 73
35 72 80
272 49 50
38 116 29
22 420 59
157 227 19
483 196 82
211 377 55
298 134 53
248 373 17
462 10 15
370 133 9
409 113 26
302 215 6
282 203 47
361 45 51
23 270 20
358 73 11
213 382 33
298 279 61
266 404 73
114 174 95
406 24 55
227 314 16
382 132 48
139 359 15
31 509 9
193 254 35
71 94 20
385 460 53
44 227 63
32 301 91
319 201 17
354 97 7
84 70 44
325 149 20
418 129 35
270 238 68
156 208 52
506 321 18
233 354 96
177 393 12
324 117 57
22 333 90
125 172 50
462 227 94
272 368 95
32 105 56
171 28 23
156 509 27
227 151 45
433 98 38
214 416 88
296 350 95
164 19 94
416 354 85
15 433 71
463 251 58
333 31 41
115 34 24
126 263 83
73 408 19
443 243 19
297 307 86
460 330 56
145 398 3
373 179 36
357 506 10
340 236 47
42 160 59
99 466 3
316 461 84
317 203 90
428 420 16
145 225 84
320 245 19
438 467 7
257 387 20
299 295 31
325 65 18
39 167 49
462 34 5
288 451 80
346 279 69
47 191 99
350 153 88
146 124 18
101 112 69
290 396 98
287 373 53
43 336 41
293 87 30
172 246 89
355 174 12
371 181 95
391 84 40
486 178 93
114 341 25
295 502 62
220 315 34
22 501 69
329 229 78
469 192 13
163 440 62
24 367 97
92 278 45
480 421 80
446 3 92
479 295 76
480 97 7
315 454 34
68 286 59
473 303 64
104 508 3
375 49 24
419 473 48
367 375 49
463 292 35
186 118 4
410 16 67
56 390 31
438 178 39
125 49 64
363 269 81
218 235 27
88 386 71
385 350 25
429 295 51
136 429 48
312 3 1
51 487 37
185 41 39
197 369 90
231 480 20
359 459 92
447 463 21
277 184 45
212 259 94
323 111 20
345 226 94
38 49 76
476 17 91
431 155 63
200 159 93
245 66 43
361 332 54
11 433 100
57 37 7
118 66 29
306 433 77
76 192 28
434 136 54
427 227 17
492 202 48
22 167 96
144 168 36
496 193 26
324 391 18
52 421 56
506 398 1
428 200 62
140 331 100
470 102 28
418 109 20
156 276 97
241 125 81
142 468 13
351 121 28
100 191 67
185 62 5
379 501 74
24 4 95
162 29 18
6 191 47
487 232 64
9 222 32
473 256 18
488 375 63
404 406 83
299 17 45
281 146 84
33 221 25
408 176 46
41 479 53
110 387 46
240 35 34
320 245 34
440 452 42
136 310 51
455 182 83
414 128 8
243 105 28
405 176 22
87 247 33
319 106 32
185 293 38
216 187 47
359 181 66
179 356 55
379 189 12
196 70 3
458 409 35
357 362 36
332 89 80
125 24 89
125 120 50
168 293 10
2 213 39
66 491 18
333 61 47
173 97 73
398 113 93
219 414 14
396 92 38
7 13 95
112 36 60
415 427 36
245 25 85
143 237 72
92 418 80
429 277 38
246 37 50
190 212 59
44 253 19
74 331 20
392 394 56
60 137 20
329 183 70
46 51 100
110 2 72
499 361 86
348 184 16
155 262 35
137 203 86
170 85 91
296 131 86
308 451 3
36 8 91
33 137 51
431 38 56
79 500 39
187 362 16
247 154 62
96 291 79
153 161 13
502 371 52
173 1 99
430 437 13
485 481 38
33 206 47
318 43 41
280 445 3
33 196 16
340 231 81
275 461 17
149 184 15
469 408 66
426 125 56
300 197 93
502 313 36
77 351 61
240 171 25
139 67 80
477 46 28
137 379 52
321 71 23
51 395 44
279 485 49
418 139 59
222 263 60
255 327 57
93 474 91
115 466 3
4 64 14
217 412 80
32 308 82
2 263 49
159 285 35
211 484 75
401 188 81
415 33 2
5 219 80
207 229 73
11 183 85
464 199 67
288 99 33
222 256 67
218 478 40
52 304 90
337 415 8
32 193 15
358 406 1
217 397 58
286 62 24
293 31 29
406 387 31
412 370 56
452 289 37
507 356 86
56 364 88
365 407 30
412 275 37
120 420 96
250 142 44
432 76 87
399 5 17
379 111 94
31 187 23
268 133 28
196 294 5
196 186 45
191 335 96
55 412 76
330 366 79
12 207 21
367 126 38
289 37 59
145 111 90
370 435 58
140 430 37
318 116 95
389 432 82
508 76 59
376 254 72
319 67 22
355 183 31
317 302 22
265 233 22
285 98 35
4 440 70
457 92 86
512 438 85
187 171 15
319 361 90
399 136 82
489 125 45
435 276 63
190 166 28
97 506 9
68 322 47
414 146 28
262 388 28
461 345 40
42 131 1
110 313 90
311 214 89
360 383 82
233 488 20
273 278 86
165 46 36
391 451 28
226 37 62
45 247 68
394 130 95
155 513 56
105 251 83
196 342 90
507 93 66
241 94 68
224 406 78
442 92 66
338 141 17
303 6 40
220 422 35
367 426 91
28 284 16
281 151 64
234 394 92
312 23 11
485 96 2
101 200 19
89 166 44
375 290 27
423 316 33
253 286 92
340 311 4
327 347 100
51 119 75
412 166 70
246 459 8
191 177 40
424 202 69
507 244 78
56 395 40
69 24 7
191 500 28
34 96 3
295 381 6
316 14 21
24 10 53
81 505 21
387 403 94
434 165 27
425 316 97
313 63 97
32 202 63
20 47 36
487 22 79
337 65 72
198 479 78
475 269 37
16 150 49
194 385 2
25 463 31
413 190 13
195 288 95
94 318 12
171 189 89
64 81 66
410 380 13
381 424 62
10 169 69
99 72 100
180 425 33
505 353 19
272 361 94
239 117 33
63 150 75
103 167 49
51 370 18
388 304 39
42 436 64
74 314 90
7 407 52
457 8 74
392 261 14
235 474 57
59 394 95
255 422 80
143 417 57
227 244 76
34 470 18
450 488 78
74 424 20
69 424 60
419 130 49
449 373 61
140 214 68
70 508 24
384 62 13
51 310 15
177 226 29
506 190 2
201 21 84
14 250 37
307 63 85
212 497 84
315 125 76
105 293 93
380 279 25
239 163 28
46 272 88
236 196 99
66 180 9
508 44 98
299 440 16
436 212 1
98 12 52
415 296 24
463 352 68
183 156 82
470 90 3
423 266 90
160 312 60
406 188 22
125 5 2
348 353 31
244 77 25
381 441 6
250 125 68
188 167 90
230 330 91
22 19 28
52 200 53
390 191 56
187 92 65
111 20 19
409 391 95
74 166 52
400 201 64
314 492 44
62 319 31
104 304 32
345 291 89
32 218 92
2 150 46
158 233 26
317 412 89
84 261 84
63 170 16
20 155 34
371 46 38
203 46 23
323 211 93
47 222 58
297 76 9
9 511 38
230 309 43
411 179 87
266 460 59
383 412 95
454 112 59
170 218 68
137 500 61
85 258 81
5 401 80
116 9 5
464 303 53
454 130 8
102 501 3
83 19 58
432 11 27
418 96 22
405 374 88
138 191 56
277 412 10
239 459 52
87 499 97
314 352 42
182 128 62
341 279 49
184 413 78
178 6 53
194 78 78
487 279 3
257 412 61
233 505 23
348 415 33
233 491 23
389 362 72
261 445 68
408 219 27
355 343 35
223 193 21
113 47 84
217 180 46
494 501 27
165 372 65
310 114 39
80 188 25
22 511 66
456 344 71
451 109 51
225 387 18
351 277 57
429 193 58
152 102 10
89 182 94
23 423 14
216 429 26
449 502 44
13 27 91
235 205 90
183 464 39
430 111 91
374 207 98
63 187 87
107 468 38
132 14 89
358 311 80
89 35 95
14 8 33
121 431 48
149 433 17
247 472 4
480 187 18
43 390 83
274 460 75
61 317 6
233 333 34
106 61 99
362 125 49
165 88 30
379 398 40
408 220 86
293 161 41
82 8 34
411 140 69
107 268 23
84 139 87
270 166 35
449 403 61
474 144 71
296 90 96
355 488 94
440 121 26
59 134 30
60 367 47
345 485 5
101 320 92
471 3 97
176 405 42
353 52 4
418 468 67
236 455 7
280 376 34
81 137 40
435 347 19
63 386 59
354 152 81
313 222 88
186 339 31
90 223 72
444 2 24
505 30 33
343 85 31
241 333 38
403 11 57
297 501 32
58 448 14
37 384 88
143 221 76
64 368 36
506 508 96
316 50 97
447 219 82
101 218 5
334 441 33
369 391 1
245 404 60
332 487 47
279 48 34
508 355 72
421 512 55
261 353 16
457 316 30
334 422 57
321 264 84
222 425 89
22 86 42
415 378 100
160 139 88
129 429 28
123 10 35
5 445 2
435 217 6
150 180 77
38 182 83
441 50 55
209 304 35
124 186 74
111 150 10
283 356 32
157 2 3
177 48 19
149 250 88
452 82 59
305 80 37
366 90 75
181 177 54
83 230 100
97 145 83
5 96 99
291 209 90
64 385 49
138 39 34
420 460 45
43 45 95
254 18 63
98 355 86
167 231 41
86 191 44
43 288 83
165 185 58
197 137 65
416 301 69
91 199 26
68 237 9
367 81 44
28 462 89
260 132 96
335 448 7
96 299 25
493 63 55
237 302 75
258 267 16
332 466 78
77 501 39
126 505 76
326 501 11
104 19 40
288 371 81
498 104 42
153 16 60
224 147 94
292 415 86
201 259 10
245 496 39
139 421 89
164 103 78
359 445 55
60 456 44
512 40 98
296 393 9
47 334 15
497 383 44
36 228 24
322 119 32
29 136 54
402 20 70
367 374 89
64 414 88
470 313 61
215 420 32
359 61 48
442 411 19
492 314 74
353 464 66
458 53 28
82 85 4
210 142 55
443 365 71
422 155 9
322 302 44
357 198 22
380 447 81
467 362 10
350 238 33
169 86 13
148 107 42
231 159 14
495 295 81
137 362 82
216 200 24
106 74 4
91 37 85
328 438 83
264 275 71
443 130 63
347 303 8
135 89 86
252 111 58
262 489 33
293 120 63
272 118 99
286 174 50
21 409 78
477 296 69
351 5 67
430 370 37
50 451 55
239 316 45
51 474 95
358 331 39
201 90 32
255 209 45
337 172 17
50 127 22
419 378 23
256 341 64
375 360 78
371 442 22
439 399 60
166 219 32
61 317 76
140 347 73
217 176 8
404 365 32
249 111 63
256 207 71
7 117 17
93 142 23
330 277 1
418 401 8
509 131 91
107 191 79
65 320 59
169 224 84
242 412 97
335 431 11
433 120 18
345 267 83
44 181 65
471 68 70
95 178 23
222 217 47
90 84 73
232 86 63
318 117 68
482 427 11
205 114 76
80 237 25
258 68 16
499 459 29
3 62 36
118 11 74
249 118 17
498 32 17
423 130 62
245 32 26
429 262 31
162 319 48
61 403 76
281 106 60
456 444 54
348 82 42
16 394 39
387 176 43
23 285 35
288 19 9
383 75 84
25 364 67
205 57 31
423 287 89
422 392 67
400 243 29
221 287 74
292 294 44
233 442 31
79 162 67
312 163 38
58 62 65
89 377 43
113 287 43
482 423 23
374 275 98
159 314 47
464 240 10
476 88 35
489 43 76
345 399 65
275 115 32
22 352 29
27 284 50
275 63 36
442 509 3
218 62 86
125 30 62
51 158 89
364 52 33
9 267 18
226 381 71
374 25 37
270 315 1
90 8 28
336 355 90
358 29 41
341 377 85
410 419 36
144 117 41
335 399 34
66 117 45
397 211 55
246 154 34
467 408 4
160 417 43
306 422 42
410 267 32
108 505 86
316 387 51
478 476 92
296 222 63
180 337 15
388 108 40
479 186 73
127 164 89
53 458 27
471 213 92
320 49 41
33 179 61
272 216 41
333 396 6
128 360 8
506 387 87
91 492 39
402 438 93
167 71 49
160 148 94
9 464 36
333 474 70
108 506 29
74 261 100
337 31 44
304 335 15
407 382 12
248 10 14
403 261 20
9 222 67
41 56 20
168 447 31
340 209 44
131 360 57
64 168 76
164 467 21
353 217 39
3 134 24
138 319 12
436 343 62
61 381 60
35 178 2
403 295 65
343 127 22
66 64 18
99 70 57
308 275 56
238 449 37
343 209 19
394 284 51
368 173 92
418 269 60
19 457 86
6 176 68
102 123 47
118 472 6
396 403 97
124 369 40
406 463 68
11 225 72
61 23 47
65 263 18
244 274 22
132 490 37
334 214 83
103 428 69
326 245 26
347 412 67
96 167 16
488 512 77
53 186 13
5 170 91
509 393 75
32 336 2
129 2 57
268 221 16
187 347 66
325 430 49
79 398 56
355 461 56
138 164 88
455 131 93
11 447 49
311 245 20
436 3 34
450 435 8
252 138 5
112 21 56
151 406 35
364 278 29
97 471 15
338 70 22
23 410 1
356 366 21
168 101 70
257 167 86
294 13 11
282 305 31
321 491 7
470 316 71
162 225 96
195 187 2
227 72 99
185 16 29
448 461 43
425 178 79
337 427 19
158 231 62
252 297 89
203 357 72
499 364 26
426 238 20
316 162 100
494 481 21
391 305 27
402 426 86
91 296 33
28 37 10
477 455 64
156 192 25
104 109 66
111 135 92
110 414 85
431 358 32
202 334 49
99 129 84
275 141 88
74 136 1
145 393 77
158 198 15
45 444 59
424 123 12
377 35 26
218 183 64
400 67 15
380 498 35
138 473 90
309 513 75
4 255 12
197 274 21
155 354 28
266 164 8
466 183 39
379 209 66
125 190 8
240 465 76
140 271 81
23 71 8
368 167 12
419 312 43
322 273 87
305 346 91
141 189 57
88 253 84
422 97 70
178 382 48
431 63 19
473 22 57
179 266 73
319 489 26
245 70 14
339 233 67
196 215 34
325 224 12
379 162 69
459 298 45
319 404 52
202 275 74
59 273 25
450 67 7
125 91 69
172 194 6
303 254 23
2 478 61
120 264 13
260 245 17
358 421 55
118 387 100
391 264 44
260 442 8
5 437 19
255 462 88
198 438 28
17 413 22
34 325 16
305 507 83
429 364 30
291 169 39
463 228 8
504 427 59
288 410 73
296 93 61
464 140 35
293 10 45
466 67 99
24 56 88
66 194 14
484 377 23
445 63 9
480 280 67
189 362 90
338 309 22
336 267 34
342 336 32
33 202 47
79 383 77
29 264 47
384 344 60
438 358 50
277 129 62
42 253 72
65 305 55
171 238 68
41 389 32
484 294 2
406 194 22
338 329 89
166 122 24
433 235 26
9 359 80
262 213 24
31 503 4
138 132 99
193 271 59
131 340 48
310 411 3
242 340 12
246 436 28
332 401 54
480 153 7
243 95 24
227 145 72
42 97 82
116 239 36
498 100 37
29 73 13
232 466 86
67 139 29
136 414 37
340 442 20
156 507 82
341 70 58
319 110 56
18 39 46
368 432 16
470 88 89
56 88 10
269 45 72
428 401 72
286 102 65
239 361 44
411 200 74
302 59 51
329 321 5
494 199 29
139 506 15
68 415 27
194 134 92
385 273 63
195 348 23
207 304 23
80 420 4
160 343 64
272 496 73
418 346 60
294 243 19
26 216 74
26 360 76
170 83 19
96 427 74
420 266 96
384 20 44
437 421 59
18 210 78
28 309 7
378 379 90
435 460 20
444 511 23
272 348 44
422 491 46
150 360 58
106 192 86
292 323 35
513 485 60
367 1 18
510 281 94
338 306 85
166 176 98
8 334 85
91 513 23
281 230 28
456 61 99
68 401 66
374 60 81
292 368 6
114 497 33
121 501 20
160 284 9
110 347 77
158 319 90
279 203 1
306 156 80
419 453 98
385 51 34
349 321 94
283 205 1
217 287 45
89 299 48
298 425 74
246 121 20
190 331 90
359 251 33
157 10 95
393 94 82
167 430 40
288 498 11
118 473 36
449 497 84
455 261 37
289 413 86
308 55 48
272 176 99
270 271 52
141 259 59
316 389 37
404 125 25
149 355 34
413 34 6
446 102 44
271 462 43
178 359 22
164 441 45
406 247 13
133 459 74
342 357 6
322 361 55
478 276 42
76 106 89
31 381 31
322 165 80
110 365 10
377 297 27
148 232 21
476 85 55
173 136 34
366 116 99
304 134 37
12 292 16
12 133 70
353 111 62
463 87 58
62 35 29
300 99 67
199 179 8
321 93 27
320 416 24
318 117 33
21 313 41
386 12 33
476 339 61
149 52 57
60 198 45
400 85 39
132 43 64
227 353 33
398 462 95
243 356 71
506 358 67
408 413 72
421 177 52
488 80 29
399 129 73
104 358 80
134 81 35
379 163 12
78 181 9
180 56 50
234 456 71
382 88 81
284 84 23
30 161 68
48 326 36
366 454 9
123 84 17
335 107 91
435 94 25
78 48 31
36 238 92
185 456 21
70 171 49
425 419 8
352 291 94
101 204 10
464 347 68
108 340 79
206 333 52
302 260 59
383 370 25
344 364 73
111 92 73
173 222 8
486 259 33
440 491 40
368 476 87
229 413 20
428 123 91
116 302 63
413 415 61
290 231 97
83 108 88
424 178 33
193 330 61
123 31 7
285 108 3
254 382 12
349 415 11
362 53 54
43 395 43
463 171 27
387 316 25
279 338 77
432 45 25
322 480 86
116 348 6
511 123 78
68 488 94
423 36 3
487 186 90
97 109 71
226 352 74
62 219 69
198 289 50
359 491 87
41 208 66
235 420 93
65 195 46
78 423 23
115 210 74
65 342 4
224 300 41
31 45 93
384 117 69
98 270 2
263 505 99
400 358 32
405 343 43
239 68 22
354 165 35
144 356 64
446 260 85
70 449 36
217 211 37
174 32 7
272 224 88
438 177 3
191 340 45
495 441 47
226 113 89
119 511 34
130 77 30
453 512 36
499 125 97
397 111 23
388 146 98
63 250 70
100 499 76
409 165 67
25 335 70
241 70 68
427 89 4
405 183 50
376 471 24
365 187 47
469 118 95
187 294 55
89 171 65
93 160 96
57 174 57
55 334 33
435 180 64
149 253 93
329 104 70
151 376 20
151 266 46
67 392 75
219 246 65
29 46 75
135 352 34
291 474 76
126 29 59
325 50 7
449 438 72
70 73 82
499 51 7
34 96 91
439 465 99
440 251 89
260 110 61
68 315 19
360 474 1
198 489 25
136 281 21
450 115 63
196 444 86
472 168 85
404 320 26
240 73 98
255 328 90
76 407 68
258 319 38
350 6 53
20 406 23
250 102 19
232 68 44
113 340 71
383 57 15
288 70 24
311 355 10
415 314 65
390 384 71
510 160 74
230 173 8
507 216 62
330 368 34
146 262 87
167 326 47
86 290 57
426 196 49
260 387 83
424 423 13
76 185 52
400 128 10
342 32 52
321 387 8
485 351 99
44 342 98
493 118 68
137 459 91
348 374 96
25 38 44
314 420 52
489 411 82
64 151 36
118 409 26
110 10 93
76 294 62
260 313 68
433 416 27
224 334 43
402 235 42
81 375 88
213 140 65
285 260 59
294 365 53
175 339 33
17 480 33
242 378 3
301 134 84
213 452 88
86 110 96
300 109 96
160 202 57
273 38 40
416 452 51
301 75 61
49 114 50
354 444 76
246 366 52
476 434 39
119 23 66
485 409 22
426 194 61
482 448 29
19 187 84
289 283 64
235 222 44
363 403 95
279 156 94
146 271 78
361 46 24
11 176 44
280 432 87
398 436 97
125 114 65
323 406 34
313 292 47
238 419 83
84 155 21
235 475 20
357 392 48
16 362 79
144 285 38
47 194 94
198 98 7
93 83 66
233 89 75
197 328 43
294 466 80
444 130 92
237 321 33
511 429 80
440 368 70
506 222 7
140 386 34
454 127 35
247 436 14
127 457 30
315 373 64
406 92 3
272 195 80
251 173 89
513 91 32
465 264 29
278 228 23
108 391 47
214 275 95
57 285 61
460 20 57
485 34 13
416 37 62
141 136 76
370 334 62
469 260 1
190 81 36
7 360 10
1 486 55
143 428 94
307 387 92
470 215 80
367 447 23
347 54 34
160 429 63
366 456 25
94 484 4
145 504 69
176 275 97
463 167 93
129 509 29
395 459 40
487 249 48
20 209 20
484 109 67
27 23 10
48 503 32
102 275 86
271 265 72
105 338 2
244 512 75
376 371 6
299 130 24
238 30 91
231 462 4
435 344 73
338 499 62
390 189 17
5 59 61
453 33 85
8 441 65
145 246 90
46 490 19
359 473 47
134 133 64
482 33 67
359 506 49
426 442 57
307 330 98
31 374 63
6 357 36
236 356 32
81 289 98
460 57 77
226 235 87
41 220 47
236 87 71
227 158 9
511 62 41
53 176 53
40 226 21
103 432 59
219 120 24
427 196 15
375 70 22
498 510 57
471 231 42
213 16 8
413 151 93
117 107 65
161 180 61
267 145 72
177 213 88
114 143 28
166 138 4
131 69 12
449 113 64
153 219 47
279 150 89
345 139 90
468 298 11
94 300 1
86 275 3
62 393 46
473 315 37
347 209 17
49 493 67
262 496 1
139 131 64
452 332 9
438 484 40
6 508 95
259 101 37
418 94 97
160 489 45
188 422 33
283 278 66
209 301 62
32 73 60
287 479 50
56 122 33
50 422 95
51 451 52
345 34 94
495 213 63
203 154 20
418 511 44
382 181 32
114 315 75
232 487 51
143 238 67
52 30 72
252 277 76
504 90 68
459 440 35
405 227 87
338 62 61
326 260 54
484 282 75
30 57 31
282 227 17
416 503 30
322 40 34
446 369 88
163 77 40
443 462 7
481 255 82
167 279 2
146 325 51
372 206 37
401 201 19
418 42 35
433 140 73
217 500 73
474 348 47
351 312 1
302 335 25
171 21 5
75 428 17
287 177 73
248 50 62
123 173 68
162 181 87
108 501 33
184 428 22
381 400 4
268 107 21
469 173 33
33 391 30
427 161 3
295 381 2
492 240 15
163 371 54
299 304 5
420 454 49
421 398 93
298 475 67
62 418 36
56 288 42
434 72 23
398 253 23
342 45 24
403 110 19
112 498 69
129 122 54
363 235 98
470 110 79
260 184 21
182 237 75
240 428 53
340 137 7
294 29 22
487 469 36
269 141 43
89 92 98
79 234 61
444 301 66
372 248 29
343 382 85
120 77 6
440 278 36
478 55 16
499 248 32
201 188 41
22 417 57
150 143 47
497 157 90
230 9 30
131 402 30
213 21 20
140 132 2
73 116 24
23 331 55
247 2 31
485 360 41
359 311 28
272 506 100
122 451 53
239 191 44
68 82 98
208 360 19
371 132 60
217 434 29
3 202 58
345 24 97
432 400 85
504 461 61
271 195 54
446 311 8
405 383 24
86 19 94
147 241 9
443 387 3
271 391 85
198 61 85
497 166 9
347 498 19
460 232 5
324 84 3
413 236 71
374 229 1
11 87 43
219 142 65
200 470 78
501 291 100
145 325 84
256 175 41
468 375 79
45 365 4
456 452 23
32 434 22
118 70 86
153 297 23
283 281 97
95 131 76
15 371 2
410 497 68
232 240 34
476 484 8
168 451 48
131 487 78
165 35 92
351 92 69
509 157 32
497 146 7
243 64 50
9 379 96
45 31 28
511 363 4
233 44 7
88 481 90
214 474 46
115 28 33
158 292 3
292 357 3
231 13 1
260 180 62
67 395 30
358 192 44
426 258 84
307 130 67
112 221 16
74 304 59
81 406 8
258 346 84
458 422 41
434 242 72
502 249 94
120 231 45
36 88 27
15 294 29
356 405 48
119 322 31
306 243 30
167 350 54
248 105 70
178 280 51
352 39 51
228 34 68
253 447 96
219 409 25
114 410 33
398 215 15
64 304 84
333 300 35
374 467 81
326 174 61
327 91 36
203 240 13
31 381 96
209 327 60
320 475 9
470 280 88
375 58 52
428 68 67
171 323 11
58 294 68
250 392 19
357 487 74
126 86 33
88 418 65
136 385 81
98 154 45
90 418 6
156 353 14
498 155 30
329 313 60
47 331 98
461 48 88
161 196 83
444 202 51
176 211 27
316 355 24
296 83 1
209 48 92
506 61 36
222 268 82
160 481 73
5 164 88
443 90 87
458 129 14
118 284 98
266 374 77
241 29 9
118 74 11
91 289 32
342 385 46
90 513 96
286 340 21
205 380 63
56 89 95
394 265 72
499 58 21
152 211 11
136 116 18
128 126 95
324 391 36
259 35 32
450 8 72
120 303 12
175 121 50
273 71 69
443 468 71
295 388 22
355 320 70
204 266 84
470 230 10
344 18 41
210 199 91
58 108 24
381 348 50
388 506 13
154 62 60
195 331 62
263 203 57
119 250 19
425 498 12
24 477 29
251 268 44
8 33 87
27 133 9
245 210 44
98 49 53
487 135 4
414 488 56
462 238 9
160 487 25
21 288 96
490 39 64
493 443 95
105 385 2
157 75 44
24 183 75
314 12 13
165 250 1
417 182 97
82 347 47
513 303 32
314 401 2
379 135 37
34 340 62
136 180 94
417 75 71
467 157 31
10 19 39
333 158 59
407 174 48
353 183 36
478 218 35
351 297 52
412 208 25
39 316 5
461 355 73
34 119 84
71 374 65
289 184 42
476 109 91
260 503 46
487 89 9
338 270 100
223 427 28
130 462 57
100 8 79
417 448 1
473 413 39
466 497 58
167 496 59
298 99 46
417 490 67
472 149 76
199 366 56
504 495 42
402 40 54
391 285 87
2 280 89
456 79 40
329 411 94
123 292 76
97 279 88
64 226 25
170 340 7
106 474 39
507 453 1
479 376 38
79 480 4
319 209 76
383 144 2
271 365 72
466 352 36
472 279 73
457 259 91
453 308 25
77 308 80
154 342 31
97 385 53
301 473 75
68 112 4
481 345 30
479 498 37
231 362 28
413 276 99
391 59 81
119 427 18
58 22 41
470 359 88
43 15 16
338 330 13
105 402 76
2 131 36
293 461 74
61 453 24
333 41 33
391 81 4
127 193 27
165 275 43
327 101 98
428 6 17
261 459 11
108 40 63
228 213 100
264 197 99
243 69 85
296 392 56
398 283 17
457 269 83
494 144 80
290 37 66
376 186 4
113 474 79
386 287 83
249 171 88
146 464 79
25 167 9
473 153 73
356 195 97
6 79 5
258 39 7
311 85 2
217 118 78
406 393 30
296 352 43
101 76 10
90 294 33
497 32 33
104 344 65
387 224 14
141 210 68
302 247 4
383 420 55
336 117 96
450 455 35
236 294 30
414 37 51
123 238 84
399 419 7
398 66 18
430 267 28
273 81 97
61 296 63
187 495 3
419 368 15
32 480 33
134 93 35
242 454 87
324 10 60
303 77 45
131 181 43
219 491 76
363 128 61
385 367 11
364 309 45
152 246 28
25 232 93
482 107 3
446 276 63
272 368 75
15 86 53
139 63 18
415 256 65
230 333 98
104 75 4
229 424 12
14 355 23
13 341 30
128 109 76
256 411 25
288 86 13
117 96 3
109 506 88
291 421 30
189 179 61
212 450 57
166 323 14
155 116 20
188 343 27
121 243 9
504 70 73
67 5 38
419 354 23
280 329 38
405 488 35
120 71 24
415 44 20
373 456 22
511 244 19
122 195 54
359 245 76
141 225 50
112 201 4
128 66 60
494 459 26
119 14 90
371 215 17
146 97 15
95 31 69
82 148 11
374 440 20
388 465 82
280 503 62
336 89 77
476 321 89
259 317 85
473 289 91
358 92 57
309 263 65
262 194 2
292 16 23
248 413 88
102 45 74
163 219 48
276 496 3
41 273 12
272 296 70
292 485 68
235 117 58
276 473 54
78 283 6
458 463 91
156 133 76
350 119 12
341 344 53
103 415 89
187 124 50
512 234 43
276 181 87
210 77 31
425 110 39
347 480 45
484 472 44
110 335 4
19 448 25
28 125 51
15 401 60
416 406 15
177 124 84
45 337 40
411 405 21
114 312 44
266 149 15
163 80 45
402 112 95
141 358 39
141 365 84
98 79 88
188 196 62
79 13 37
383 448 75
73 99 63
31 409 14
284 313 1
274 452 17
3 104 35
246 332 97
74 257 65
169 459 54
338 138 16
104 128 66
53 216 62
494 372 34
40 493 67
381 459 55
125 44 25
476 117 20
326 18 42
28 256 57
128 367 46
223 377 16
162 339 18
69 465 13
478 84 14
51 131 41
134 6 28
453 44 45
398 418 71
261 228 93
277 499 55
429 225 35
185 203 15
132 358 7
327 430 99
389 115 20
205 218 51
253 40 45
316 202 31
375 336 79
254 385 14
126 76 77
226 417 39
305 160 75
451 392 14
391 342 76
35 21 91
75 77 73
328 212 5
211 389 65
102 244 6
388 265 87
482 345 4
357 305 50
52 65 44
260 240 31
78 94 1
101 316 63
369 262 86
366 250 91
99 217 64
357 428 88
113 93 78
266 362 50
322 30 5
32 224 16
205 125 15
453 197 64
478 200 58
183 319 57
184 393 42
177 479 86
497 393 10
287 470 82
107 72 44
165 87 60
103 124 93
34 456 39
232 207 63
424 165 67
127 303 12
56 500 27
345 51 27
78 189 30
181 159 39
463 61 32
197 393 81
509 406 13
431 200 8
298 453 21
214 169 88
342 214 29
115 175 74
486 419 16
95 24 60
356 428 29
305 118 70
3 385 21
101 449 13
471 79 86
359 140 50
360 76 92
169 237 87
94 1 15
141 383 32
316 138 70
413 73 72
170 113 12
146 403 78
173 278 86
142 110 17
229 34 66
344 506 94
268 176 43
83 61 57
96 502 87
90 242 1
122 234 26
103 508 55
491 197 78
70 268 96
173 472 78
403 469 11
144 64 60
455 242 23
360 442 76
63 410 57
450 348 41
24 383 44
124 454 21
317 122 44
369 36 46
178 52 20
56 220 80
442 487 73
185 262 40
156 2 38
230 141 53
325 8 55
505 458 41
455 26 29
373 24 95
210 360 34
394 17 81
3 374 49
507 6 66
437 245 2
380 308 91
338 421 21
504 391 58
509 219 36
385 450 29
339 144 28
154 90 43
27 23 88
60 332 29
222 70 7
196 165 59
146 76 88
433 33 97
294 328 61
39 93 75
135 418 58
463 142 99
253 104 32
451 99 77
122 162 91
161 473 44
141 512 9
487 408 33
175 156 34
490 360 67
334 381 90
475 263 55
285 184 98
48 14 56
353 356 19
213 95 69
185 50 92
346 157 79
246 448 54
20 313 78
35 274 91
323 211 25
427 380 23
398 189 74
248 185 100
145 349 48
33 7 9
450 12 3
350 279 87
403 187 80
392 220 1
263 143 58
103 319 51
402 280 70
436 89 34
409 297 30
258 114 94
116 481 50
432 349 60
159 56 20
378 151 69
17 401 14
309 159 16
65 111 86
390 150 14
372 403 20
412 476 92
380 347 70
54 180 33
130 65 23
363 17 29
176 248 1
219 166 30
438 509 77
276 432 4
427 360 59
98 197 45
428 366 93
427 440 94
313 167 19
16 460 44
350 49 38
325 99 23
126 210 74
259 30 84
59 220 23
30 355 95
100 1 24
77 216 36
430 478 64
360 279 64
191 264 52
370 247 9
114 24 28
347 357 24
7 458 82
398 242 55
279 92 88
446 200 40
177 38 83
232 460 22
83 160 17
339 200 67
262 375 43
109 302 19
142 297 14
71 20 17
14 73 83
163 512 64
137 429 58
139 98 71
35 299 92
20 469 79
301 409 96
397 370 63
165 103 92
176 279 21
482 308 1
97 503 18
479 192 86
64 118 11
258 307 22
358 172 81
17 363 38
115 498 48
40 308 31
452 458 42
402 243 51
185 348 15
375 245 89
261 160 8
145 64 87
376 443 50
434 109 12
170 42 25
151 217 3
488 286 15
271 232 2
27 462 73
291 414 14
473 503 11
188 457 100
192 166 65
127 24 52
95 331 37
9 22 94
245 268 13
482 396 90
83 408 97
89 171 50
92 395 54
297 286 25
422 304 45
420 222 23
128 141 86
395 504 64
165 99 20
112 500 50
3 108 1
513 65 43
205 402 55
38 48 48
341 328 24
241 343 29
451 285 87
71 255 78
10 167 62
78 89 55
91 203 60
129 232 11
101 278 87
368 32 66
447 149 95
447 296 94
313 114 35
469 275 21
316 328 26
294 283 80
320 248 12
247 399 2
453 279 57
50 23 57
96 316 29
203 107 5
117 102 80
347 192 13
21 222 72
119 187 52
261 222 34
26 70 2
489 246 92
356 52 73
18 212 85
135 369 52
448 63 14
82 135 70
286 248 17
208 341 82
391 465 93
63 406 67
238 46 11
461 245 56
194 364 9
268 137 10
173 275 67
318 201 67
432 376 20
448 66 8
448 372 80
37 213 28
193 483 90
180 235 79
28 372 92
133 231 97
434 411 8
71 351 27
284 263 40
369 439 37
170 437 4
125 37 66
480 379 91
301 249 72
362 418 63
164 143 77
260 157 51
152 438 31
117 82 87
485 194 26
24 121 37
133 59 25
379 118 69
71 127 16
156 41 42
399 249 19
197 67 48
235 44 79
174 442 54
339 325 93
141 380 11
334 244 66
328 434 28
385 152 36
118 408 82
218 399 54
166 475 94
178 119 65
155 334 89
329 256 60
482 95 25
211 262 35
415 257 49
459 32 39
43 305 9
235 54 52
127 14 19
231 119 19
70 290 21
195 181 17
73 139 1
323 491 91
415 155 74
499 291 66
299 272 53
1 110 54
358 452 90
249 394 78
407 174 45
279 220 84
492 192 80
76 74 59
4 350 79
218 407 35
500 353 92
373 450 71
210 240 36
476 140 71
321 505 29
50 322 47
38 277 76
147 196 77
372 2 45
239 293 26
168 114 3
498 442 73
421 246 49
465 22 100
19 191 99
247 372 24
381 212 46
201 338 100
226 159 4
296 245 92
250 245 88
80 289 4
122 258 88
46 466 64
29 12 93
258 445 64
207 256 71
196 349 74
2 327 73
200 244 86
96 294 34
417 330 85
510 298 61
442 223 96
61 21 8
285 255 39
448 169 71
287 301 44
111 485 82
342 419 2
142 379 22
299 375 60
307 299 88
151 216 30
193 194 24
182 188 10
75 199 55
36 49 70
140 366 32
347 494 93
39 20 25
133 134 29
368 61 24
168 418 36
480 154 5
333 196 9
4 457 70
178 231 61
370 381 6
18 429 11
94 34 92
177 140 2
106 58 100
435 68 29
264 452 13
367 375 4
179 277 38
88 128 39
158 144 51
246 164 25
239 339 79
429 158 1
168 108 30
228 111 89
382 506 39
327 498 22
86 134 82
492 502 66
62 214 88
195 200 11
369 34 77
448 57 61
24 272 44
394 95 55
211 399 51
373 143 59
274 170 27
461 156 31
498 103 21
426 229 77
405 205 24
379 180 6
497 351 4
95 225 81
481 213 58
462 273 14
424 418 30
331 148 73
488 427 100
307 132 80
356 69 71
61 70 77
169 1 9
50 182 18
186 202 22
210 349 23
462 185 76
393 220 83
249 251 70
459 369 92
12 230 56
85 390 54
397 326 49
146 240 56
504 435 55
144 17 47
269 207 50
506 318 2
455 390 55
471 111 83
290 384 88
248 55 38
433 370 30
462 488 3
37 451 39
473 68 61
126 268 19
40 29 94
177 293 32
313 330 55
382 262 53
243 309 72
138 384 42
93 88 21
106 136 57
429 492 81
77 308 61
413 25 35
168 365 84
306 499 78
14 265 34
364 193 16
186 378 54
9 432 16
332 497 86
214 125 49
265 18 41
308 174 71
448 394 42
352 57 72
280 210 53
442 383 55
511 377 89
420 435 88
195 391 51
398 325 16
71 101 94
445 368 51
438 121 70
281 198 13
159 340 19
357 147 85
80 344 41
377 506 64
355 454 40
391 216 32
425 456 18
84 357 44
422 47 92
478 397 24
11 331 9
38 350 55
217 138 23
403 44 26
234 308 11
233 250 56
298 342 83
46 326 94
452 193 51
26 152 66
136 239 92
495 216 17
453 376 19
286 94 68
436 405 28
136 56 29
338 299 14
110 340 59
325 86 9
151 375 16
215 494 22
45 108 83
383 513 55
315 141 82
71 346 19
460 5 11
159 416 9
45 355 66
184 339 65
288 270 31
385 68 86
182 510 64
335 144 35
285 461 95
89 241 9
299 496 92
197 6 46
68 436 46
502 33 4
355 425 7
65 220 21
173 47 29
86 376 95
8 259 81
135 119 53
142 86 12
48 207 79
158 37 30
206 69 96
336 242 42
336 183 34
284 190 76
138 356 68
461 159 29
119 33 77
404 204 80
203 408 24
227 172 88
298 116 94
358 193 46
388 254 13
275 391 7
42 82 43
387 247 69
47 332 19
349 33 56
473 495 9
444 472 77
237 217 35
410 460 32
70 493 55
498 31 30
412 219 48
66 409 5
448 155 21
402 164 20
169 407 81
311 273 68
248 493 97
127 53 40
10 171 8
442 72 63
197 400 36
183 22 6
506 96 17
240 498 34
287 21 99
73 418 84
221 24 33
171 139 58
342 218 17
43 177 3
148 362 28
49 421 43
481 57 9
374 494 75
417 497 94
56 388 87
434 492 82
53 156 82
16 194 67
231 387 20
25 436 1
477 23 75
407 70 34
111 331 71
57 7 39
360 442 52
187 129 48
215 209 33
239 100 71
23 164 17
35 129 96
116 156 7
415 306 92
351 20 82
363 109 93
225 339 81
255 357 36
466 204 11
430 298 61
122 236 16
234 400 93
158 123 97
258 309 37
229 417 44
238 393 82
67 128 100
251 389 6
96 110 100
196 75 49
332 493 58
310 20 54
110 6 41
5 254 69
303 245 8
371 106 9
194 386 20
336 128 27
418 296 73
435 86 5
387 292 98
78 55 12
423 329 51
26 197 17
417 141 30
269 366 3
65 453 27
489 58 19
261 175 18
448 130 67
43 507 54
12 91 19
169 307 75
255 201 34
364 367 33
18 66 38
383 371 80
359 16 63
52 396 77
70 16 35
303 455 95
300 21 65
191 456 95
148 117 16
476 288 43
493 158 37
218 215 57
325 224 30
44 84 26
393 146 38
342 463 12
372 47 64
33 480 42
399 87 14
13 345 14
85 7 59
467 380 4
225 96 74
178 486 64
23 447 84
87 225 71
465 507 46
309 445 48
17 227 31
232 1 50
165 330 26
139 325 24
496 29 15
391 461 85
505 388 86
427 272 18
307 377 88
482 111 7
38 306 72
305 133 14
82 501 87
125 108 2
371 474 1
82 108 19
237 113 62
133 283 15
270 44 33
326 65 17
35 312 61
224 94 4
246 199 17
189 21 5
334 97 92
333 498 39
155 186 64
433 38 22
59 357 27
325 225 18
327 266 65
231 459 50
294 117 58
58 219 61
346 142 30
34 132 23
221 347 16
125 19 96
177 208 24
330 232 42
7 511 64
324 415 62
509 150 63
286 506 72
280 444 4
260 493 97
314 233 73
37 322 6
106 6 32
432 16 49
330 381 18
373 290 18
270 315 33
120 216 75
479 265 36
221 65 86
166 265 53
276 379 1
323 455 31
272 475 98
227 354 36
277 284 11
42 108 72
317 329 16
486 53 11
152 362 100
57 233 49
281 121 98
347 386 89
147 507 14
327 469 67
283 496 81
403 474 28
363 285 40
87 142 69
444 198 83
202 454 58
133 7 71
294 16 96
199 260 31
21 305 96
85 226 78
496 119 89
450 425 5
369 70 9
168 356 83
137 213 84
97 161 60
505 71 79
283 99 99
360 52 47
422 378 79
136 210 69
504 204 14
483 22 18
209 251 82
401 439 83
207 156 96
198 43 59
139 199 73
356 378 38
472 170 57
4 415 97
500 499 19
247 144 21
48 101 67
261 506 98
86 379 83
468 251 68
180 55 35
447 329 63
253 417 41
130 333 24
383 91 89
433 96 8
280 319 62
286 400 75
13 83 82
248 21 95
199 358 18
202 296 78
93 494 82
164 196 75
263 198 69
248 317 89
231 197 38
379 32 78
260 93 32
219 54 28
457 375 86
345 143 59
381 411 37
426 378 13
512 63 41
272 85 76
214 357 12
361 474 62
412 395 77
196 278 98
255 246 78
99 274 58
100 27 41
497 80 28
102 457 50
282 244 95
400 445 89
178 167 74
510 281 14
371 235 71
422 249 55
233 66 26
110 233 41
225 380 39
182 142 8
437 292 41
155 113 51
402 471 62
503 38 51
108 416 68
36 373 100
201 182 68
75 327 15
380 449 95
342 3 87
203 81 29
170 294 8
259 397 4
256 464 53
322 183 71
237 49 36
463 274 91
204 431 7
194 195 26
28 446 97
365 41 43
432 253 75
198 296 11
511 170 39
152 157 35
313 383 96
341 166 35
127 46 89
478 139 23
172 85 28
298 39 34
462 144 63
393 470 93
295 478 86
382 489 50
349 152 56
26 229 31
334 272 51
244 170 17
44 127 43
187 176 63
167 279 79
148 488 4
160 322 10
116 462 33
445 25 38
308 503 72
90 326 85
406 96 29
383 339 65
243 455 91
253 226 50
215 167 2
303 215 38
481 120 30
105 106 84
210 280 41
226 20 14
435 63 94
369 495 18
136 311 41
438 191 93
354 224 88
252 201 3
497 362 29
488 345 82
363 219 48
376 138 92
92 246 22
149 116 98
324 254 19
405 38 41
160 33 57
275 250 81
6 136 79
406 326 91
13 291 90
439 312 99
193 494 58
62 334 88
435 462 33
230 126 94
403 290 60
304 384 38
365 321 57
90 371 83
317 43 61
303 489 56
290 301 60
211 78 18
119 2 35
441 318 95
63 403 66
468 279 86
490 138 26
207 403 12
447 509 76
95 12 71
13 2 43
398 452 27
31 376 32
46 297 16
437 251 73
240 235 66
144 97 40
277 476 59
347 355 15
57 344 48
501 173 81
439 353 36
324 195 16
329 141 35
326 258 45
415 351 40
466 186 51
14 328 99
291 82 68
256 398 53
109 65 59
171 77 74
157 425 81
109 272 11
420 341 54
174 120 72
468 44 75
122 493 86
303 1 62
295 505 84
232 82 48
373 198 30
217 278 71
369 33 43
477 166 70
104 462 22
288 75 14
444 430 8
126 237 10
463 478 41
91 215 52
322 5 79
77 129 17
417 395 80
303 395 53
359 465 31
96 58 45
434 298 8
355 174 33
293 326 1
152 398 80
280 184 26
330 218 56
105 95 29
457 342 30
305 169 84
123 271 17
54 164 68
67 351 93
129 90 82
303 241 67
135 188 29
82 294 59
344 218 56
410 338 43
30 500 54
505 397 78
505 244 24
278 313 1
315 73 84
90 461 83
90 150 36
474 235 46
252 466 43
268 205 82
247 511 76
14 12 55
499 443 81
13 486 32
84 107 57
440 469 82
225 237 21
117 304 98
105 342 4
32 362 6
310 264 33
261 199 73
454 250 95
60 378 56
294 93 47
127 109 65
332 203 5
212 329 65
279 37 9
58 496 93
403 341 57
74 246 54
435 442 15
204 311 82
30 153 73
31 260 60
226 301 20
137 164 2
202 389 15
59 413 12
466 50 59
27 168 96
187 103 29
4 313 9
208 85 5
327 242 82
207 433 28
125 96 76
95 128 85
304 307 84
71 450 93
234 382 75
300 259 93
375 470 70
265 145 42
494 153 99
42 240 80
1 128 95
416 320 79
116 96 89
317 34 90
286 203 100
10 374 48
308 403 27
15 455 42
41 274 87
233 279 99
97 296 38
310 45 87
294 285 69
450 497 37
226 428 70
447 426 30
184 51 18
247 354 100
318 179 36
499 130 48
21 171 100
281 495 67
420 134 65
74 503 10
269 177 7
221 446 70
344 115 96
38 224 44
131 127 49
180 177 85
307 78 36
111 248 42
120 435 34
356 254 76
58 12 17
264 120 93
282 439 50
97 65 28
75 67 3
75 276 80
130 431 49
190 50 61
138 324 25
444 73 71
206 254 23
351 121 34
96 312 8
377 381 80
224 417 5
183 403 17
108 310 46
9 25 69
322 462 64
216 183 48
79 87 5
23 485 10
42 31 38
398 45 79
351 96 77
211 356 37
214 201 37
145 394 5
84 6 64
183 439 31
353 141 48
388 193 19
265 104 38
398 254 16
97 456 62
142 484 44
102 374 46
430 54 70
20 124 36
494 126 70
357 6 25
255 383 89
6 412 62
43 392 15
263 22 49
45 99 19
52 482 3
97 407 84
210 330 91
257 380 38
29 369 38
209 395 30
294 481 6
432 289 12
120 194 73
201 349 12
265 314 35
142 58 38
295 371 90
404 510 64
279 301 34
295 230 81
455 280 76
441 221 50
175 352 66
229 365 83
485 274 10
39 436 30
494 260 14
343 467 38
459 327 52
337 245 54
77 339 72
446 328 62
154 249 33
76 340 30
89 162 75
489 459 65
34 444 55
57 50 94
432 120 54
464 377 61
507 17 21
365 52 55
179 230 66
490 474 76
510 217 11
217 106 35
388 229 36
380 9 63
400 334 52
466 259 100
388 267 49
108 54 4
75 78 15
489 249 26
348 266 57
327 496 85
126 287 37
322 23 47
336 506 79
442 366 95
15 206 78
189 109 21
150 354 50
362 149 27
86 228 19
502 409 94
365 466 89
17 306 61
360 500 84
19 254 5
371 172 25
250 354 47
319 465 91
110 45 99
363 384 31
295 204 50
192 55 78
437 156 49
190 364 34
376 158 9
175 65 36
112 97 33
475 360 6
302 409 27
431 511 70
179 59 73
359 193 71
407 314 91
384 107 8
336 10 86
167 410 63
331 98 96
473 153 11
196 45 1
498 118 13
467 31 77
132 491 91
84 409 16
241 184 72
418 484 59
79 446 36
188 257 72
467 372 16
256 477 25
102 145 21
198 440 61
366 63 37
11 166 83
117 144 96
39 382 94
210 360 46
428 306 17
469 369 89
61 315 73
511 268 59
304 155 96
317 345 15
159 342 71
209 32 96
453 118 11
214 6 78
108 262 49
119 506 72
512 471 70
247 119 39
409 106 64
354 178 28
462 444 31
190 230 18
426 344 99
218 4 56
144 47 76
27 467 25
508 426 53
44 376 78
481 100 23
496 114 42
34 278 44
18 352 53
323 332 66
157 466 19
253 377 22
131 270 93
51 287 99
406 363 14
379 48 23
305 466 83
421 339 50
108 403 32
342 11 23
346 445 37
318 424 21
2 354 88
202 226 97
298 117 93
261 172 14
360 480 4
270 374 60
458 321 86
30 59 66
312 80 37
451 457 53
472 426 34
96 482 47
420 494 60
343 7 62
50 10 18
303 374 51
366 41 46
388 284 36
243 72 31
193 306 73
408 482 42
145 204 39
134 222 8
74 402 7
208 264 29
260 350 24
50 482 84
300 162 84
322 396 2
4 363 34
76 388 38
244 373 80
253 94 54
77 332 24
164 202 18
59 191 20
130 359 86
124 3 8
133 54 72
222 233 13
245 465 34
444 367 32
423 205 36
409 26 28
218 282 77
25 343 55
7 496 57
179 116 42
299 266 7
194 340 99
259 8 48
440 255 71
505 28 40
157 414 93
10 488 88
166 106 70
508 335 21
146 202 21
195 161 10
84 488 52
377 456 7
261 337 52
464 38 100
154 389 74
496 75 88
363 472 28
321 491 64
281 348 33
176 49 26
33 76 38
249 252 89
511 413 37
41 100 33
458 198 32
125 187 33
102 336 73
215 61 41
382 399 39
342 268 90
60 342 36
306 186 45
187 330 73
354 313 48
249 9 48
91 485 16
29 152 52
436 399 75
140 303 2
211 474 69
37 261 91
355 222 37
66 179 25
11 181 30
201 480 82
229 102 53
450 290 89
189 278 51
428 13 96
66 283 84
43 42 5
65 138 88
145 230 68
475 327 59
379 21 77
222 463 36
370 209 83
405 66 90
172 508 23
289 349 17
102 322 22
114 265 32
91 438 3
156 282 91
420 329 43
230 265 60
102 13 12
474 353 39
141 58 38
403 313 47
165 319 51
45 205 48
213 426 4
161 32 87
157 408 48
296 266 4
275 303 2
430 40 95
381 419 34
157 388 6
36 7 24
324 175 32
256 99 70
149 16 93
217 237 7
158 460 89
23 409 100
129 5 53
218 346 18
215 510 44
49 424 90
296 91 82
488 302 76
237 183 24
54 91 11
130 506 95
291 434 78
502 32 76
176 37 78
33 269 29
272 333 35
292 474 64
477 428 31
410 224 84
106 62 73
216 10 5
375 23 57
413 10 53
38 416 24
80 15 70
286 470 68
169 2 54
180 103 41
30 62 23
247 49 47
147 489 77
153 176 84
154 199 13
464 500 50
492 436 77
346 67 93
411 89 40
226 170 48
482 75 89
190 174 98
292 466 98
147 353 23
334 447 20
240 448 52
99 8 1
382 91 63
125 117 91
25 229 3
196 343 23
28 95 91
386 400 37
252 474 46
366 441 87
208 341 77
438 440 73
164 240 23
306 420 53
86 285 27
7 311 59
110 402 95
502 154 39
277 49 14
396 488 11
94 308 70
366 403 44
151 324 88
435 144 93
389 208 79
69 322 23
91 245 80
463 398 10
172 72 48
407 504 87
432 231 27
223 446 40
271 203 27
242 174 53
30 88 98
92 182 80
495 108 60
12 125 75
502 252 3
254 249 62
308 454 4
283 142 40
5 163 88
390 373 32
243 493 93
453 7 66
409 178 46
416 264 30
14 343 21
400 229 22
385 47 33
404 367 2
223 110 92
349 306 95
83 479 78
36 465 7
360 184 31
104 394 66
505 189 9
105 110 71
28 394 22
15 334 83
215 174 97
505 193 72
353 455 69
423 302 2
60 189 45
422 55 93
70 381 56
17 61 92
275 124 74
208 482 63
34 406 41
106 464 85
236 212 57
17 206 68
348 378 57
223 269 29
397 17 40
42 224 95
48 33 31
474 461 11
93 254 80
426 353 40
55 509 37
3 83 88
317 108 86
427 254 87
249 311 45
244 206 12
134 39 73
230 282 29
7 485 80
125 487 36
432 501 59
67 141 36
293 130 48
141 474 31
350 7 92
303 70 17
410 375 86
95 217 36
455 221 68
291 452 79
159 18 53
46 2 92
500 465 97
196 474 72
4 28 88
202 141 12
122 119 15
275 464 19
83 473 57
180 66 66
432 229 46
337 492 55
195 344 60
388 503 83
370 53 92
258 203 41
16 303 13
54 380 99
398 419 63
92 279 84
386 417 48
115 80 14
9 490 20
172 228 72
165 355 22
157 500 11
184 130 69
53 472 35
480 502 11
422 456 30
132 50 65
331 341 14
207 228 9
252 82 71
493 11 59
37 209 49
59 25 55
369 342 16
64 39 71
98 63 41
493 442 83
186 241 63
320 232 92
360 154 10
376 304 35
91 293 41
389 350 32
224 204 59
342 114 15
196 362 97
373 56 21
433 439 83
336 249 2
10 501 16
170 193 94
356 32 83
205 361 50
147 316 60
130 198 68
465 266 35
341 193 57
465 106 10
469 272 47
48 247 46
71 290 94
290 139 82
379 289 5
85 211 14
171 311 7
402 421 88
135 297 10
446 214 11
98 461 58
477 464 97
54 47 66
375 308 69
32 257 80
438 186 85
191 85 9
330 302 29
493 111 59
81 156 13
69 337 76
126 75 16
267 306 77
271 134 34
388 320 43
494 389 21
23 335 18
379 139 57
490 322 92
440 303 69
55 172 60
370 273 97
176 164 11
498 176 21
174 179 23
74 139 13
137 487 60
402 118 49
238 365 87
182 38 67
119 408 45
211 25 90
155 215 54
261 65 11
162 207 26
74 364 84
92 513 73
199 91 65
243 210 84
255 76 64
5 165 74
77 460 84
117 217 51
472 125 25
501 485 19
143 393 81
483 216 6
170 227 15
39 353 50
396 220 64
55 422 11
467 297 12
118 480 64
373 473 31
255 174 7
465 183 90
16 165 21
317 387 32
368 239 47
412 183 70
372 76 80
303 283 74
98 179 71
90 325 20
78 126 65
213 98 99
80 498 99
323 353 64
443 211 76
51 428 70
25 190 70
512 318 55
1 440 31
274 82 85
284 55 61
181 188 12
457 388 47
144 220 48
398 409 76
316 196 21
110 439 52
312 434 57
174 417 25
55 201 20
142 194 28
325 508 45
231 103 87
261 407 54
465 62 82
502 179 27
192 407 36
492 458 51
418 446 4
109 108 51
307 258 94
260 333 28
333 483 29
151 280 87
58 15 8
131 421 76
316 387 55
187 261 11
340 29 77
250 409 17
404 370 84
366 483 44
333 150 25
81 40 73
110 326 19
387 115 46
20 164 30
183 411 79
432 414 51
28 315 6
467 160 77
126 45 82
33 280 39
303 223 77
149 106 39
27 38 1
250 248 35
186 378 57
483 448 84
102 272 63
323 151 51
461 271 100
9 236 35
152 300 17
257 24 63
210 162 57
361 121 12
163 215 31
33 130 51
289 383 41
165 270 46
417 214 74
468 77 82
27 364 59
404 127 58
511 451 44
427 66 16
360 459 78
211 322 51
21 134 67
248 422 16
23 116 99
79 427 56
396 161 15
331 299 81
210 25 23
494 148 67
53 276 40
69 310 97
211 8 7
345 138 73
294 174 8
314 428 32
340 284 37
413 127 22
76 95 77
407 209 36
152 119 58
369 159 89
246 411 19
15 324 18
487 213 26
82 495 65
216 509 59
497 212 94
414 491 61
104 47 93
451 476 84
38 239 39
474 86 60
226 280 69
260 142 87
343 34 42
44 314 12
296 431 58
501 93 4
191 181 95
391 444 68
361 509 10
27 511 39
313 494 62
461 77 32
469 166 67
119 7 84
322 278 78
430 120 72
224 36 9
214 346 78
229 330 35
216 212 99
49 501 81
53 447 2
301 406 58
126 343 63
170 249 58
488 41 83
309 449 80
65 351 56
150 139 48
507 139 91
282 420 31
439 230 3
175 464 4
88 192 42
236 278 42
112 76 47
172 60 100
348 347 57
117 497 72
346 373 98
495 507 27
476 261 45
223 207 23
265 156 7
212 82 94
395 405 48
352 308 6
374 224 69
436 371 25
164 261 32
342 209 24
306 128 18
141 287 86
298 365 14
162 477 21
429 436 76
379 457 36
183 374 58
337 191 92
367 321 95
352 376 44
33 248 8
348 12 66
427 107 49
462 483 91
29 57 71
2 461 37
254 107 61
331 509 57
337 471 90
85 144 56
288 318 98
116 215 20
391 392 61
324 241 63
424 228 55
252 29 20
342 106 61
125 84 74
201 203 75
461 160 82
303 236 77
324 405 56
394 34 67
323 171 71
379 138 73
265 205 43
180 488 85
32 103 7
382 226 34
20 264 4
349 139 26
186 126 38
419 502 78
301 464 26
399 209 48
149 115 35
437 2 72
131 78 94
443 199 34
12 161 9
451 240 63
339 234 89
59 131 15
421 79 58
6 441 28
433 453 5
128 131 25
206 384 10
168 440 65
30 108 84
473 84 25
348 495 1
341 430 68
498 117 10
309 118 33
83 162 61
279 270 5
423 246 10
329 481 54
27 180 20
46 292 72
205 303 77
81 412 47
31 445 46
443 213 53
246 110 91
177 274 95
33 41 46
25 326 60
291 112 75
406 413 15
494 240 73
392 473 36
414 165 41
253 34 18
353 240 10
402 377 100
417 120 93
328 157 78
95 195 19
345 301 18
49 237 57
70 43 4
239 457 93
510 413 22
216 161 93
295 96 88
60 4 67
77 420 35
70 213 92
478 288 42
294 91 16
327 292 2
450 489 59
490 266 16
251 438 72
328 170 98
492 89 72
61 405 27
420 302 61
381 437 77
93 481 41
269 249 21
106 392 10
80 356 11
155 433 12
220 141 54
458 149 91
171 457 67
428 322 50
452 502 98
63 308 51
423 207 52
194 441 16
217 359 98
264 346 70
87 251 93
301 203 73
25 318 27
454 17 90
100 216 96
200 113 47
187 208 17
513 423 72
173 50 18
185 169 39
215 383 73
187 91 28
152 492 64
329 482 49
34 396 43
451 39 2
186 216 96
330 358 68
156 393 52
212 170 85
39 396 53
321 469 5
160 64 39
221 391 19
7 496 45
409 256 56
63 370 11
497 39 79
430 68 62
129 195 4
384 395 32
167 186 1
124 266 91
371 341 87
183 89 16
499 367 100
104 490 29
141 510 70
383 113 46
148 510 30
308 33 86
178 438 67
347 336 85
282 81 95
227 476 56
425 114 80
122 330 86
353 236 81
331 247 53
22 308 51
316 178 54
447 463 26
62 243 100
469 128 93
450 472 38
323 230 53
380 16 81
111 258 12
191 370 32
474 465 88
425 126 99
444 304 49
365 177 25
266 492 46
210 292 81
358 363 24
314 75 70
471 245 51
479 485 51
105 373 73
167 318 56
189 239 75
467 166 66
439 147 47
418 506 24
364 292 53
328 386 19
231 35 6
133 140 20
196 99 63
432 381 13
86 225 28
342 484 14
252 490 65
350 474 53
251 365 69
265 208 93
34 94 48
384 359 66
431 137 79
328 267 77
170 121 79
226 40 49
388 261 42
325 243 12
368 232 83
105 185 60
374 294 34
155 120 60
107 197 24
222 23 74
106 137 51
237 105 43
295 233 80
334 265 89
130 26 2
207 234 87
29 382 85
75 359 27
153 364 46
480 159 67
125 459 55
404 124 11
245 435 55
292 73 10
175 509 75
62 498 25
371 325 20
254 186 20
411 388 31
175 33 76
88 476 94
473 458 84
83 38 89
144 435 4
425 440 49
380 335 5
146 59 95
427 434 91
454 418 12
294 102 43
267 36 46
505 231 83
487 376 84
83 443 3
157 363 40
134 500 36
48 364 25
38 216 38
355 441 20
126 422 12
409 432 24
335 131 50
429 500 66
504 67 55
211 212 57
262 443 66
31 9 86
375 81 99
509 229 64
25 446 12
208 57 80
205 352 69
183 392 61
340 253 36
414 94 95
122 113 68
503 107 87
383 430 36
423 460 62
509 239 77
191 142 27
324 347 58
74 112 62
348 214 94
349 505 53
111 143 48
79 351 94
456 423 94
337 503 61
339 234 37
138 348 21
468 253 12
392 316 48
347 281 92
478 155 100
300 360 98
121 84 56
427 384 15
425 178 100
376 17 1
311 78 23
163 101 13
98 164 80
348 397 93
220 290 77
354 142 85
472 159 61
302 192 58
365 124 77
89 109 15
114 415 89
139 87 10
154 388 35
327 2 78
472 140 30
388 224 18
10 507 88
377 48 10
513 502 41
121 135 57
113 417 33
403 281 54
152 136 84
375 465 64
401 226 75
166 106 89
123 159 49
87 132 10
352 342 42
218 363 90
469 141 84
135 68 66
94 497 64
236 393 67
16 494 42
234 115 63
5 312 92
251 210 10
290 113 30
431 468 67
251 336 47
376 156 23
101 18 39
450 431 80
452 139 59
327 6 44
385 253 63
166 178 34
249 45 34
386 157 73
302 411 23
100 172 88
469 26 29
312 417 56
85 237 20
404 89 73
463 159 31
61 151 24
290 209 38
134 324 69
235 45 74
465 240 86
22 238 76
327 357 70
276 454 32
481 133 41
283 478 91
126 31 35
99 425 91
326 10 72
74 289 42
30 448 96
291 316 46
332 455 49
480 214 76
486 256 70
497 73 18
163 391 34
131 429 9
62 348 36
135 277 37
220 337 76
503 365 3
101 155 4
511 274 45
471 132 80
259 94 17
444 23 21
101 352 34
502 107 14
241 43 52
508 451 89
450 256 15
494 259 2
30 66 11
431 201 20
417 310 80
265 298 65
321 209 54
31 73 93
337 422 94
211 334 25
97 404 16
505 256 33
394 469 39
180 457 63
262 470 67
205 141 95
507 79 90
480 364 48
96 506 71
149 410 7
29 235 51
290 363 90
48 311 65
434 66 45
343 474 73
14 71 57
129 199 38
218 124 28
273 211 88
14 304 83
463 17 20
43 204 84
8 206 60
451 73 57
77 510 59
501 153 89
344 77 31
510 427 26
247 228 72
274 424 97
103 94 74
370 309 66
332 68 32
131 2 79
310 82 42
244 349 20
251 186 49
469 287 44
379 305 45
226 307 81
187 247 34
77 39 98
351 449 48
393 308 34
128 345 80
14 67 17
166 102 17
10 391 50
122 272 14
183 506 99
323 372 7
422 385 28
232 63 76
414 399 89
341 280 25
101 33 1
395 342 88
384 150 36
404 85 11
294 50 84
345 289 42
356 304 24
90 70 68
363 143 1
293 112 99
215 73 70
338 130 13
114 421 18
294 345 47
384 413 93
274 74 84
428 360 70
340 89 57
198 66 80
48 426 49
489 246 23
311 265 53
503 209 33
259 494 77
145 319 97
201 436 64
385 232 80
417 235 55
120 362 32
87 415 57
435 493 75
97 469 54
222 272 12
217 439 31
354 379 17
344 176 90
203 52 93
510 352 22
192 233 19
286 136 46
405 108 12
305 411 73
369 385 3
267 434 93
273 250 94
316 470 44
323 473 16
184 274 47
9 20 7
424 155 76
443 295 91
461 219 76
415 73 32
437 68 81
488 35 58
320 176 69
512 279 33
449 510 31
11 508 43
44 119 67
383 94 38
255 209 92
135 122 16
117 491 47
51 427 11
262 198 35
130 173 85
280 471 81
435 423 74
342 48 81
195 17 40
75 214 38
432 203 49
115 443 39
339 290 58
465 37 72
421 418 93
461 247 53
136 411 55
158 196 72
33 148 70
333 204 17
108 206 2
296 461 68
485 195 48
258 83 60
56 206 79
476 117 89
444 145 83
320 499 67
137 410 64
342 232 57
427 503 9
99 382 37
482 138 98
20 445 43
402 456 98
453 28 96
375 241 78
492 147 35
422 142 29
400 416 20
436 157 46
140 360 93
299 337 96
329 376 55
84 259 21
363 401 100
100 17 23
124 165 1
418 60 46
376 348 47
100 424 82
262 81 37
362 374 68
259 351 61
505 178 66
288 198 86
345 402 6
364 16 70
441 157 29
121 220 36
103 170 67
35 47 50
144 54 31
136 239 83
13 127 37
296 321 30
59 25 30
477 160 64
333 228 64
197 134 96
207 113 96
160 255 93
212 377 9
8 75 97
177 456 31
171 101 7
393 341 52
255 475 7
108 162 36
485 334 30
287 317 21
48 24 67
370 454 37
358 30 100
31 111 20
136 248 37
404 5 48
52 244 59
180 444 23
362 232 72
297 295 17
471 421 22
14 434 33
400 426 27
140 16 50
463 21 19
393 341 91
494 55 62
57 41 97
22 442 28
69 189 49
245 247 88
50 22 88
361 218 27
149 355 21
228 134 38
37 438 39
30 303 49
27 469 13
420 322 36
2 108 89
346 409 56
401 489 59
186 90 51
178 505 48
257 347 34
445 446 53
70 136 99
482 154 25
53 213 5
323 330 42
67 203 76
308 197 96
130 471 74
368 254 64
414 6 73
413 211 64
374 176 39
142 19 80
91 185 7
496 72 98
263 429 66
7 304 34
475 353 93
258 214 20
223 326 57
322 507 21
329 5 64
232 313 36
239 98 9
92 82 7
269 107 92
359 35 36
380 212 88
252 217 84
442 292 79
370 162 2
465 512 22
382 76 49
440 25 46
294 277 6
413 435 65
335 170 83
444 238 23
128 41 52
89 419 59
300 32 55
422 432 36
49 465 50
200 205 17
492 90 62
245 288 49
301 482 3
372 89 34
312 421 88
387 170 49
162 128 75
296 21 8
122 124 52
246 162 87
305 425 89
369 213 89
373 320 12
216 463 56
391 293 24
273 95 98
20 302 35
328 428 2
447 323 44
39 3 86
383 489 76
387 380 81
512 8 53
333 191 4
483 39 18
451 321 63
150 35 23
382 230 57
284 466 58
227 339 63
417 72 55
368 435 55
153 123 15
225 389 89
493 112 35
111 377 81
203 55 95
282 78 53
304 110 3
29 312 76
499 273 60
268 43 45
381 187 6
239 33 30
22 247 98
283 337 27
477 214 68
247 232 94
136 231 60
58 388 79
364 73 79
258 205 41
14 501 20
130 476 98
283 45 88
359 154 88
53 328 56
368 443 18
150 129 43
477 136 93
404 472 21
13 252 49
245 357 53
242 110 80
402 25 94
378 434 63
63 103 22
512 468 100
181 404 75
198 33 33
336 264 32
2 210 93
496 7 71
35 513 22
232 113 94
271 40 26
120 206 21
146 38 27
487 40 99
114 171 66
456 356 58
285 246 83
230 324 15
72 301 68
166 109 81
89 465 90
227 246 71
220 123 67
45 258 18
190 49 85
8 354 15
178 22 53
138 258 65
475 257 80
273 458 40
157 229 92
263 60 20
200 469 47
231 174 53
317 66 34
381 142 40
330 37 81
21 434 8
420 484 69
392 13 84
76 284 80
262 169 57
330 231 29
318 83 81
168 507 26
328 290 26
137 323 92
440 1 61
146 156 12
25 470 67
106 260 6
241 384 83
14 163 14
285 502 5
49 72 73
91 380 96
412 368 64
488 219 10
218 283 79
107 501 3
230 189 100
127 456 17
191 106 76
109 71 38
110 93 54
181 456 9
241 219 53
437 80 83
95 81 73
166 206 21
382 288 88
463 214 84
275 196 68
234 139 68
56 199 57
190 22 85
338 406 47
510 82 54
27 505 90
364 242 57
134 180 51
314 211 5
382 172 91
65 219 100
136 413 15
458 293 16
466 202 22
315 193 76
88 168 70
192 47 88
209 87 82
342 197 17
119 156 9
513 263 59
472 107 25
431 493 67
443 397 60
318 143 54
420 415 47
71 476 58
23 430 36
153 99 74
437 387 52
67 353 35
421 145 27
103 108 58
360 503 55
120 506 31
200 372 91
306 184 57
111 296 62
304 67 90
224 325 80
43 432 33
510 259 12
322 207 46
402 102 80
162 272 41
134 439 28
506 308 89
316 182 84
210 62 16
352 405 94
85 88 59
367 217 25
335 468 45
62 230 67
194 4 57
189 484 25
332 244 41
506 47 20
245 489 91
412 388 70
196 40 53
205 293 59
105 468 21
441 115 78
500 510 21
394 179 95
298 76 88
368 394 25
345 327 57
145 124 74
83 398 86
252 286 69
281 437 63
405 94 67
230 442 31
405 7 73
230 295 86
426 270 51
347 311 25
454 406 33
322 252 88
266 274 77
421 430 68
66 158 47
2 382 19
174 488 15
380 155 66
290 372 16
100 407 4
15 424 25
192 472 90
431 27 44
100 258 36
266 225 99
132 7 83
119 378 84
127 274 5
49 152 67
442 412 30
257 63 40
345 45 88
154 502 41
335 169 56
477 156 95
234 67 55
288 481 39
260 488 65
216 147 41
513 481 23
66 288 5
419 191 99
323 316 75
306 11 98
106 220 82
2 327 41
365 159 29
438 286 91
13 88 42
84 209 76
63 234 99
414 403 95
207 244 36
121 185 1
342 456 14
97 381 75
457 257 55
134 222 21
330 492 89
370 357 16
480 51 9
96 316 30
22 294 23
138 484 14
297 495 47
415 194 85
54 420 50
229 5 99
220 504 81
55 12 90
228 213 48
70 76 22
100 254 24
302 409 31
166 403 82
87 255 54
254 172 39
290 192 12
146 168 62
127 443 88
374 53 28
185 128 43
248 54 34
150 459 37
472 161 33
146 211 10
66 354 88
212 489 73
481 280 67
40 160 19
140 331 28
175 282 11
101 158 97
95 380 35
34 212 22
427 476 74
442 55 1
334 89 63
6 159 44
268 19 29
296 123 84
500 78 91
411 510 27
345 218 56
118 151 20
346 266 43
198 358 75
199 309 35
487 240 99
22 111 94
341 86 64
341 501 4
65 390 56
259 118 1
390 236 63
189 378 54
426 280 77
31 17 45
404 129 90
157 37 29
206 172 73
109 92 86
24 36 56
340 294 5
431 343 24
62 173 70
95 466 74
188 90 92
331 346 6
386 259 95
55 123 43
245 294 90
320 134 87
118 255 43
175 463 51
455 391 58
365 336 64
180 169 21
246 407 51
444 236 97
388 135 10
188 441 65
154 487 29
85 40 70
170 91 49
203 389 41
388 63 18
63 201 5
415 83 32
167 333 77
25 466 27
34 272 61
248 279 26
79 168 53
52 446 81
236 324 57
197 330 97
277 205 15
406 197 6
13 398 12
255 394 71
252 270 45
238 104 31
25 467 7
497 399 95
70 29 82
72 168 33
151 178 81
414 55 77
333 230 58
224 187 85
315 248 25
220 245 30
340 376 79
360 510 47
184 360 33
63 241 19
117 371 37
139 293 13
220 348 41
228 339 97
486 491 48
225 75 50
400 389 41
327 473 17
68 36 47
423 311 46
388 88 63
440 417 74
269 233 91
487 434 75
396 453 65
58 153 79
88 346 7
266 437 85
498 290 98
513 378 46
505 367 96
181 37 57
19 305 12
279 283 53
247 183 63
380 182 60
499 3 90
305 468 77
505 425 85
203 160 77
29 343 27
49 42 52
174 382 4
280 456 70
52 11 51
349 63 78
119 266 86
141 262 5
369 170 98
96 31 75
500 241 45
411 435 54
60 194 46
510 305 24
412 472 24
277 36 92
339 379 12
144 218 88
54 276 86
2 207 62
172 428 67
75 293 96
378 189 20
191 512 69
479 503 9
165 491 26
370 156 59
460 263 42
423 302 99
201 223 31
157 135 14
279 83 78
205 50 66
224 255 92
277 47 72
420 397 92
467 334 36
144 203 72
6 194 70
468 95 79
40 55 7
147 64 2
177 262 36
175 91 33
190 338 82
501 201 99
125 472 50
289 301 6
157 82 73
29 384 33
327 233 44
37 212 70
68 429 76
187 75 75
187 183 71
345 142 71
303 1 59
48 461 17
426 140 68
400 263 68
332 153 57
404 421 14
311 374 46
429 173 66
138 16 8
225 4 47
487 156 51
426 140 49
388 115 8
139 217 62
327 335 57
266 496 96
348 192 68
124 404 51
383 123 34
216 225 16
15 259 72
406 210 94
284 512 68
28 68 97
199 497 6
202 396 66
94 382 88
270 201 54
69 12 57
195 1 80
95 211 14
290 221 42
390 486 1
13 310 63
69 346 10
127 83 78
501 511 31
262 201 95
269 196 77
7 376 62
143 394 48
302 342 37
183 252 56
450 92 34
297 185 18
352 42 6
432 429 39
426 398 8
276 439 88
337 129 2
179 109 23
256 272 87
379 294 60
479 425 56
398 228 30
168 42 33
126 59 71
405 380 88
390 136 92
25 352 74
444 445 98
317 3 77
270 243 100
155 425 10
259 333 80
398 288 44
279 86 6
206 71 99
324 231 92
419 150 66
189 55 49
57 385 63
225 103 49
199 285 24
435 346 82
439 63 43
428 397 79
323 254 85
171 308 77
138 428 11
448 166 17
512 433 74
174 416 20
477 98 18
73 279 51
352 466 45
34 288 62
262 281 10
236 235 73
23 234 82
206 85 57
276 236 35
334 303 7
58 113 70
511 94 48
482 311 95
25 435 79
175 383 47
476 45 44
241 236 8
457 487 80
20 510 38
313 343 58
232 159 69
62 69 42
119 380 22
483 347 11
237 396 44
41 272 92
343 139 13
284 340 6
216 451 98
468 252 58
504 184 53
450 252 99
83 167 45
109 14 67
33 92 100
392 206 58
186 275 89
453 20 58
90 276 3
220 273 70
28 41 23
88 201 23
153 444 45
280 147 52
333 97 100
460 16 63
219 485 100
498 466 32
482 69 8
7 304 29
334 109 81
396 14 38
170 165 2
404 178 8
439 509 35
43 491 36
17 131 5
206 115 43
309 374 98
144 37 42
493 27 71
308 89 3
368 63 44
468 269 32
366 340 19
263 284 72
103 287 9
243 84 30
409 491 61
120 509 56
350 245 89
402 114 22
288 71 27
471 398 71
442 351 11
419 311 76
393 342 62
168 97 23
10 29 61
446 4 52
391 440 2
475 23 98
193 339 83
413 127 26
185 273 41
194 424 90
187 195 44
211 67 73
277 98 20
346 395 40
428 483 52
67 413 54
116 250 40
444 478 87
14 207 85
479 412 44
16 360 93
469 146 3
130 381 90
441 416 96
321 171 15
345 376 56
28 371 34
471 82 47
450 315 84
226 188 53
104 124 79
274 293 40
283 381 9
274 181 73
378 96 89
425 93 1
294 460 38
220 433 20
480 8 56
180 378 53
86 317 82
258 132 65
339 252 67
168 119 99
132 358 55
331 2 56
492 343 13
26 354 57
125 374 70
393 375 38
365 443 60
143 122 42
180 385 65
51 8 13
142 387 68
95 101 7
367 386 50
371 31 61
253 165 76
503 210 98
216 283 60
455 252 33
381 136 61
221 311 11
38 292 24
484 237 76
39 483 100
103 340 90
101 126 49
121 92 38
439 415 14
18 500 71
101 356 24
428 275 4
34 256 22
92 441 85
327 218 94
390 141 76
398 330 6
198 108 53
423 334 4
191 457 98
42 497 3
249 454 57
275 329 33
367 229 48
474 116 82
427 281 67
145 156 85
5 46 38
143 268 45
232 494 30
352 40 93
440 3 59
438 265 72
407 246 11
126 103 32
351 95 58
494 184 92
209 510 53
396 457 25
183 147 69
278 404 28
68 265 46
305 403 52
281 3 45
87 12 99
8 388 97
69 468 77
508 34 37
153 313 100
158 267 77
77 150 9
489 374 45
244 416 75
40 476 92
61 17 50
95 9 88
427 431 12
287 222 97
184 33 96
34 203 59
352 169 94
217 133 1
283 104 41
340 86 54
238 423 28
160 50 32
502 346 68
85 363 88
75 111 97
462 481 65
25 160 76
366 454 29
484 315 86
485 238 42
396 313 87
85 254 99
186 200 66
4 439 45
409 168 32
88 415 94
292 163 63
36 461 25
446 104 90
402 175 87
62 31 73
399 369 68
416 77 30
37 317 77
45 472 77
386 245 44
391 178 12
46 300 72
216 497 52
355 211 88
418 64 64
161 165 76
189 350 48
42 68 34
427 254 45
138 360 86
5 297 13
268 293 29
433 510 72
441 142 72
263 286 68
442 272 32
150 33 16
289 285 59
490 385 84
464 375 53
185 380 12
150 348 90
310 246 68
115 366 45
197 78 99
248 446 96
105 107 70
349 393 72
493 458 52
509 285 61
29 100 13
186 479 54
204 87 19
7 494 47
501 480 68
426 369 93
80 127 84
238 215 95
493 248 13
390 464 46
92 466 57
80 93 37
129 83 63
454 86 45
172 463 10
18 150 48
35 513 38
241 23 33
16 65 36
59 265 86
21 216 95
440 52 35
338 287 19
428 508 93
195 510 37
371 80 45
387 483 54
16 469 92
241 167 60
62 7 89
9 80 91
276 150 24
435 420 74
238 73 78
126 221 9
131 90 98
510 366 1
113 17 48
406 300 95
301 37 42
453 248 31
337 32 41
232 69 60
459 183 92
474 415 89
148 57 11
342 355 96
368 210 31
505 483 86
488 431 29
327 351 53
108 374 60
342 442 22
22 73 75
200 253 100
3 153 86
366 249 14
271 21 66
145 59 86
390 168 9
386 209 86
339 368 3
11 98 79
422 281 96
444 427 52
467 1 27
351 127 39
138 292 5
431 377 21
339 32 62
169 418 96
60 443 79
429 334 92
159 197 59
410 91 46
327 128 20
261 223 29
290 103 81
342 108 62
213 62 22
154 76 13
407 295 4
171 63 10
47 232 85
348 295 40
329 167 60
360 25 9
16 20 1
385 435 84
100 285 3
428 508 28
415 500 1
447 22 54
429 478 55
473 466 99
123 355 84
74 264 46
249 402 34
289 413 95
117 354 37
314 440 34
114 191 40
16 459 34
241 461 27
180 78 86
289 511 61
340 381 73
140 490 4
77 175 4
306 512 81
206 496 97
428 190 13
341 148 42
350 122 32
118 354 62
253 45 82
183 449 23
203 405 99
394 470 73
172 435 90
273 344 34
267 237 68
277 125 21
475 217 99
235 287 60
479 389 90
3 494 66
239 79 38
388 450 34
430 402 41
508 2 74
125 367 20
195 157 66
140 219 34
386 31 82
84 225 95
222 424 56
331 330 52
7 313 98
270 229 14
204 240 25
269 174 47
509 316 77
346 449 12
376 13 21
460 293 92
243 110 59
316 180 53
279 74 52
510 43 73
276 95 60
376 26 54
151 213 31
161 265 40
384 286 18
150 323 82
492 291 77
421 195 81
262 209 72
502 118 18
257 144 18
194 283 20
415 499 90
16 100 64
189 90 3
373 453 30
402 346 42
344 260 18
25 280 29
370 186 18
46 160 23
65 382 68
159 108 93
442 421 32
302 232 72
496 168 30
180 123 90
498 383 12
418 74 19
482 100 40
234 147 98
337 11 1
385 507 31
144 495 76
396 391 73
164 68 3
154 305 27
476 325 66
9 352 10
194 446 16
32 422 4
189 436 4
47 8 54
20 328 17
490 161 83
341 158 36
407 27 25
93 150 33
46 448 93
296 261 88
338 368 96
377 142 52
159 449 60
139 347 65
393 66 38
118 353 11
382 289 28
426 196 91
102 471 83
302 268 27
402 94 88
73 76 93
179 249 67
168 181 67
232 53 45
89 160 48
403 86 49
69 205 91
141 173 74
474 204 75
213 114 75
308 245 37
108 243 14
166 326 71
395 405 12
496 64 70
92 165 60
1 331 18
136 453 26
138 180 11
316 21 63
285 207 40
331 157 38
232 487 93
325 508 26
382 351 9
378 218 77
145 32 8
246 10 10
504 60 94
168 510 40
167 388 57
81 269 75
494 129 80
185 73 77
1 400 18
511 156 98
79 180 22
286 154 70
345 64 46
462 160 49
381 260 19
288 144 65
454 169 12
200 347 69
368 297 1
322 138 38
435 73 59
10 118 98
311 120 47
391 19 39
471 501 23
198 217 60
105 123 51
58 126 41
361 45 68
166 34 20
194 332 47
94 479 13
394 512 56
123 227 85
141 437 81
444 468 24
97 25 29
160 198 25
478 301 81
105 311 39
460 398 98
407 207 38
5 74 28
127 303 93
167 19 1
258 102 81
41 318 3
203 366 99
200 70 79
451 310 29
304 378 14
460 320 63
158 40 45
388 329 11
494 48 81
104 367 9
345 41 42
47 383 81
401 10 65
246 205 92
79 292 52
232 204 84
446 217 37
95 311 76
312 351 11
297 305 32
96 285 67
252 331 17
131 51 42
389 511 47
40 67 21
324 421 88
182 132 86
486 377 8
83 19 60
10 239 88
184 132 72
240 155 91
425 377 2
371 454 4
272 346 87
283 165 54
231 367 46
389 454 47
255 142 93
460 288 1
439 281 55
212 126 35
287 153 36
38 194 84
465 53 50
275 273 44
314 22 83
78 365 59
109 316 81
436 121 97
241 164 75
363 434 50
333 454 11
161 497 95
105 266 95
257 289 63
505 194 74
492 341 95
432 307 53
351 16 32
120 24 30
359 441 22
134 83 90
202 228 99
86 82 78
212 215 37
95 89 59
330 327 73
201 375 45
123 396 71
40 413 56
168 402 82
413 393 53
117 480 18
462 15 87
439 137 90
196 299 71
24 9 37
50 508 80
249 418 26
256 11 55
21 413 52
123 366 40
52 378 60
349 354 64
155 362 93
126 491 81
130 492 78
250 79 91
37 130 82
480 26 6
452 486 24
99 176 15
472 56 5
49 19 56
169 165 57
474 205 2
249 33 90
272 104 69
469 13 14
495 376 62
294 444 95
317 231 67
72 46 83
242 489 42
463 487 100
450 24 89
193 165 10
486 253 94
108 484 9
12 160 98
51 274 98
309 509 45
127 255 85
267 484 45
388 153 91
327 463 2
76 103 9
7 326 57
417 28 91
443 486 92
282 47 78
199 374 50
468 339 20
7 506 95
170 218 31
478 127 33
344 402 78
134 199 84
99 511 20
237 422 78
58 53 27
290 159 18
167 304 10
207 134 77
293 2 39
288 175 90
403 153 28
51 324 33
95 186 56
62 196 2
121 240 23
442 237 31
220 45 41
83 395 28
346 492 94
496 204 55
468 55 43
306 71 16
85 23 82
395 315 15
3 256 23
234 392 41
404 46 3
445 45 26
25 449 10
63 69 39
74 22 23
292 45 82
438 485 59
310 475 84
240 172 19
16 484 76
185 271 64
120 347 78
145 395 12
98 122 75
512 33 97
24 238 85
316 247 100
253 502 58
281 322 36
195 455 57
81 122 89
310 25 63
122 165 52
151 489 57
131 479 7
446 387 86
73 420 30
446 260 82
40 128 8
162 379 18
493 177 89
121 176 96
479 415 92
240 405 66
229 442 95
58 485 69
279 48 61
421 386 55
252 116 100
169 461 60
389 445 42
178 55 15
67 45 58
259 232 15
402 193 50
408 511 38
416 410 30
170 131 35
85 459 94
394 185 86
61 69 23
93 172 79
290 329 6
382 380 14
133 92 30
151 390 30
193 308 59
209 362 93
321 57 71
459 501 4
125 360 2
414 151 87
4 283 100
367 19 78
150 285 85
6 217 25
467 26 43
92 155 46
508 470 26
469 409 24
399 441 79
396 126 41
503 378 63
66 352 1
417 298 93
338 193 17
30 103 36
115 207 85
401 140 4
341 26 12
291 391 86
166 460 45
379 231 51
328 144 57
167 66 10
228 454 38
213 452 93
235 72 96
54 168 71
2 23 31
34 83 8
505 454 76
316 367 42
218 459 17
268 187 32
39 276 40
90 499 24
40 238 97
282 92 38
354 468 10
44 467 26
102 107 7
182 473 89
34 136 1
438 498 90
411 31 69
377 164 78
362 432 61
431 509 23
152 365 97
51 365 98
209 430 36
262 360 42
277 476 24
460 151 19
218 472 30
266 204 11
189 191 79
108 323 88
290 19 60
336 116 58
305 34 79
364 171 91
490 185 97
333 361 32
379 310 99
8 379 20
484 479 54
131 305 83
419 348 50
513 323 46
238 392 46
405 212 9
143 251 90
50 20 80
344 57 69
179 430 70
294 45 6
185 441 58
442 483 65
248 437 96
448 179 39
484 271 56
214 92 52
440 26 28
367 90 79
375 336 15
375 318 68
95 176 61
360 237 15
18 1 16
138 142 65
330 191 15
145 311 42
375 471 93
261 25 87
18 215 27
190 56 71
157 197 43
380 244 76
32 406 1
459 487 40
26 95 70
433 101 84
13 31 68
131 290 34
99 60 58
506 501 3
46 289 5
348 117 96
3 35 33
415 219 71
57 184 4
465 183 11
117 82 18
122 253 47
352 232 14
86 422 35
143 377 61
303 506 7
23 385 24
202 475 74
146 503 19
136 57 47
146 35 57
264 304 15
231 102 87
134 477 46
125 446 97
427 110 60
505 144 9
218 146 57
400 58 8
243 348 19
265 8 37
134 106 90
106 484 4
199 21 25
315 113 15
179 119 78
215 210 94
362 401 3
88 448 57
19 176 42
497 217 67
214 314 6
287 243 17
57 179 65
193 150 72
275 175 12
276 203 52
304 152 39
497 20 26
156 511 79
212 114 5
22 47 18
454 395 89
159 438 25
419 54 57
75 300 39
336 395 39
319 93 88
36 59 23
15 414 23
279 436 16
260 477 37
160 352 67
10 409 86
493 407 22
38 353 51
373 285 71
479 367 61
