602 5823
99
55
63
33
75
28
42
26
93
44
63
34
95
98
72
6
53
70
7
62
20
54
10
40
35
11
80
31
82
61
28
58
68
86
3
45
90
50
68
56
69
19
47
99
59
63
56
97
86
99
76
65
85
8
38
21
60
16
99
23
55
53
60
67
14
89
84
92
29
16
23
36
14
87
27
1
58
68
48
54
49
72
97
55
43
97
80
60
48
53
22
90
79
85
19
28
27
92
33
23
34
32
27
26
60
75
17
80
73
84
97
65
58
60
59
28
8
64
76
73
27
97
47
94
62
53
41
49
3
90
91
97
55
66
14
78
76
34
10
30
19
60
4
46
24
30
30
59
96
92
35
68
8
69
12
35
64
49
5
50
84
34
28
14
52
78
20
15
28
36
37
22
48
42
22
57
75
48
63
95
20
46
6
36
90
57
80
3
66
68
27
43
78
74
39
13
78
88
44
62
35
78
44
59
80
38
60
26
89
85
77
79
17
97
64
95
66
92
11
87
41
77
55
91
62
3
79
75
85
7
59
67
31
38
10
80
10
69
82
23
35
76
67
37
52
21
34
16
2
93
96
43
70
72
66
32
96
20
94
93
60
71
1
54
73
94
19
41
1
16
79
39
4
96
14
81
44
19
70
39
38
39
22
58
15
36
68
22
94
16
55
98
94
64
41
67
75
84
17
73
77
18
67
95
16
87
21
50
88
49
68
60
23
96
74
45
73
39
45
86
26
83
55
13
53
90
64
99
63
56
29
1
61
53
6
93
79
98
82
88
88
2
32
64
79
73
62
4
83
84
33
15
14
66
54
89
2
72
52
89
50
50
58
73
55
16
77
49
26
95
48
40
41
78
61
59
74
5
45
92
5
43
47
72
18
5
64
45
94
33
50
85
63
80
63
40
73
18
39
63
6
93
30
21
78
89
62
54
84
94
22
20
96
24
13
47
88
23
71
27
22
58
36
74
35
11
51
3
14
26
32
35
36
43
72
60
86
29
4
67
81
28
78
21
14
27
91
79
16
56
31
90
34
76
6
66
67
46
25
37
85
53
23
82
70
49
1
2
82
84
28
33
82
41
99
32
24
27
81
18
53
84
82
73
83
20
33
94
28
12
86
96
38
75
72
56
14
37
38
79
62
88
55
77
82
62
47
87
40
44
36
53
63
77
90
66
79
81
100
25
44
26
22
49
60
4
97
52
51
8
88
98
42
71
95
99
80
7
23
62
31
76
46
83
53
40
44
56
83
5
6
77
8
36
52
30
3
29
8
39
37
14
61
61
23
46
54
42
19
84
57
66
28
31
12
88
57
70
66
87
20
43
74
35
75
68
14
8
66
2
86
78
19
38
4
13
46
15
72
19
75
8
349 390 64
362 224 82
397 203 73
583 51 11
31 217 2
380 82 17
501 280 5
549 294 87
121 359 96
307 489 64
532 370 22
358 65 29
251 289 25
378 355 25
380 444 57
20 138 53
222 360 23
46 104 90
460 189 62
99 405 49
81 377 10
600 431 43
61 27 33
126 457 51
275 433 96
486 293 99
573 493 46
506 413 92
487 468 95
293 270 70
64 447 65
30 95 28
56 40 65
499 246 70
527 101 5
234 17 67
440 265 18
464 386 87
151 423 15
140 180 3
63 368 39
435 575 1
132 145 41
350 203 7
475 43 84
521 233 89
544 46 72
542 139 3
91 55 27
265 532 100
206 432 86
168 141 10
27 443 46
573 561 42
575 264 49
120 242 83
128 484 1
461 83 23
11 355 37
461 230 54
300 222 15
248 338 74
17 249 52
5 456 57
13 168 16
262 550 41
156 100 17
343 155 50
477 450 49
461 52 71
122 135 98
360 218 28
48 281 23
540 538 14
155 287 20
374 236 33
92 155 14
307 125 22
285 196 73
599 391 99
116 347 36
543 487 45
535 272 78
392 182 56
445 500 25
595 461 94
41 127 17
31 263 80
92 597 44
587 254 64
68 545 18
480 399 86
69 79 62
544 129 57
71 419 64
410 421 94
362 300 58
591 316 42
374 28 81
505 101 94
311 585 20
303 75 48
275 88 68
500 105 92
99 66 21
267 537 39
159 444 1
358 400 7
72 395 85
31 510 53
286 476 9
257 516 20
552 283 47
287 14 39
529 575 46
402 218 71
538 256 50
321 290 88
145 74 85
316 42 91
554 74 69
304 586 86
240 7 34
391 526 29
122 473 96
437 249 84
160 502 25
345 31 3
454 287 77
352 585 57
511 163 3
280 181 23
149 70 82
238 333 50
600 138 48
92 17 69
208 352 76
582 274 60
200 81 64
555 42 79
525 397 64
187 238 58
438 103 54
176 589 45
244 40 18
428 313 8
376 160 98
48 273 96
305 248 87
553 435 91
555 523 46
527 323 27
18 478 15
215 46 32
337 360 54
291 398 24
68 149 47
400 66 95
93 315 63
467 231 88
543 174 26
338 398 25
455 143 17
356 467 40
415 406 64
419 574 95
326 266 46
412 120 68
6 288 53
474 63 48
340 447 85
233 468 46
150 343 35
76 520 54
506 251 85
393 412 16
122 446 79
213 62 31
532 181 36
383 415 37
3 257 89
382 122 40
180 486 96
126 517 86
151 380 83
499 152 83
373 133 53
17 479 60
518 355 6
482 49 62
138 41 85
38 496 38
123 50 25
595 505 18
147 56 33
372 354 60
405 587 21
434 141 43
273 471 36
150 543 75
101 574 90
520 205 95
382 352 24
63 113 90
351 369 32
180 135 88
323 562 34
23 590 26
151 430 97
189 268 39
295 536 75
72 125 72
90 376 8
191 520 3
541 92 56
295 282 6
355 202 14
345 104 4
397 124 90
461 378 67
411 474 13
9 312 23
217 167 33
572 599 45
483 40 99
396 153 45
602 303 72
584 535 52
26 31 15
461 514 20
393 590 51
76 214 79
30 328 25
561 374 71
281 146 94
246 297 47
182 345 33
241 518 38
9 310 65
311 576 40
370 136 50
260 269 11
309 527 9
215 554 65
493 323 85
415 34 61
290 131 83
146 291 86
318 572 83
307 564 12
140 203 56
381 18 6
26 125 81
274 550 6
390 450 22
305 434 35
122 563 95
568 15 30
58 571 12
58 110 21
387 221 11
602 131 9
52 390 86
43 40 41
35 108 38
317 46 64
3 74 18
493 393 59
244 299 93
457 396 47
147 135 14
14 77 76
312 393 25
166 189 4
140 160 62
477 228 76
528 419 36
356 254 80
437 421 34
254 163 83
78 444 82
550 375 97
406 323 70
214 7 47
543 445 54
95 595 53
174 570 80
118 513 51
60 157 40
92 379 13
407 469 97
299 116 12
54 100 77
90 521 46
273 168 52
48 457 3
400 407 53
571 501 76
200 361 96
228 133 37
114 562 49
508 166 79
527 218 42
559 405 12
457 76 28
418 30 45
126 227 31
439 34 20
572 216 54
371 597 90
349 106 79
305 546 44
432 55 94
447 458 37
284 285 68
383 350 41
298 200 27
487 348 20
116 534 34
99 308 81
261 577 66
135 599 2
426 241 63
40 473 73
263 262 73
398 470 55
548 517 41
292 325 39
111 74 5
11 412 25
531 23 95
223 144 68
523 379 88
50 534 10
336 346 46
434 68 82
566 309 28
148 179 33
287 42 33
133 67 24
391 180 96
521 529 92
111 170 1
223 400 99
325 375 8
339 45 10
487 198 12
557 92 6
342 405 92
102 28 100
195 310 97
536 192 65
237 55 80
48 194 34
118 353 23
202 422 57
497 142 2
205 264 7
50 198 26
413 389 73
145 327 33
221 537 56
356 96 8
178 444 12
226 502 10
174 482 16
556 157 12
499 336 34
273 67 47
524 251 31
115 381 42
483 119 53
380 77 63
130 113 51
47 399 74
277 72 53
372 160 4
315 76 32
188 143 70
228 461 59
108 561 3
432 418 33
60 517 80
302 265 40
321 125 55
189 126 43
484 157 50
349 30 76
375 149 1
85 177 85
109 247 65
147 135 58
473 453 19
111 53 76
63 371 33
35 568 86
8 23 86
83 77 99
103 10 64
513 138 64
190 290 28
145 227 46
286 561 74
204 56 11
122 260 95
385 450 81
189 98 46
485 93 22
596 148 78
372 126 64
566 37 19
202 515 91
589 200 47
21 433 13
120 290 21
215 63 65
257 20 22
526 150 87
132 506 68
148 441 85
521 592 24
240 96 31
433 436 82
458 276 98
222 132 60
98 204 29
19 368 72
71 243 69
273 293 61
233 527 43
449 529 51
288 267 71
309 538 37
405 35 21
316 166 9
239 281 12
277 246 72
401 357 71
595 220 48
137 273 97
265 499 24
555 120 75
573 223 49
61 438 16
148 13 95
335 508 36
549 336 35
206 553 76
5 485 19
236 572 66
27 523 65
433 203 59
478 598 86
418 569 65
70 198 19
486 527 89
224 112 28
200 262 4
509 404 24
257 492 2
459 306 16
585 203 70
573 185 33
175 223 66
115 151 63
399 149 4
325 65 11
494 170 77
78 443 53
26 93 41
515 203 73
499 222 87
121 579 18
466 265 84
226 288 56
267 503 8
574 37 66
492 48 19
594 453 31
483 248 92
254 36 83
102 248 30
601 16 97
16 358 36
241 487 89
235 200 89
591 202 65
546 470 60
312 111 89
425 213 29
591 153 72
594 470 29
419 184 59
29 81 18
265 240 5
537 229 74
51 266 41
537 374 19
87 501 78
478 356 33
344 66 77
316 441 23
320 472 88
37 475 46
240 119 35
21 377 100
240 307 24
478 45 17
456 526 99
59 111 30
249 366 69
92 7 23
314 153 85
563 431 77
379 262 51
92 166 25
482 339 21
150 195 81
78 236 16
134 121 1
40 426 77
483 157 22
400 435 63
76 262 10
534 54 12
3 572 10
258 126 100
580 238 48
471 541 82
59 151 59
554 16 61
128 147 69
113 517 18
234 232 92
391 44 69
66 547 67
305 548 82
280 590 81
536 99 55
298 307 95
231 410 57
206 600 19
596 499 89
492 385 17
353 357 35
588 23 67
291 130 45
502 564 51
406 511 62
396 571 36
322 221 73
381 459 85
396 30 1
428 383 63
184 518 67
257 16 81
85 202 45
356 529 80
489 326 74
531 488 48
387 399 18
515 585 6
593 362 19
32 173 15
7 308 20
292 399 55
336 9 4
322 19 94
332 88 5
284 308 90
279 333 36
230 517 24
150 245 42
510 480 66
104 458 49
89 574 19
479 257 46
258 1 32
329 306 86
552 584 10
492 119 100
5 525 8
399 169 77
61 146 15
487 64 87
499 369 37
126 87 88
79 456 4
322 64 64
442 152 7
63 162 86
184 361 32
53 319 76
148 204 79
119 563 10
531 291 71
293 200 48
311 137 74
368 115 70
265 530 26
362 195 10
319 8 45
542 93 51
147 507 7
256 539 65
222 83 43
35 396 7
41 239 1
410 32 75
197 585 23
586 89 44
517 489 31
126 275 70
145 209 10
103 39 64
214 198 84
261 488 89
58 297 84
453 70 74
330 369 89
264 373 74
527 418 91
33 129 13
289 80 68
202 302 70
374 171 38
56 282 97
226 360 42
260 35 9
250 50 28
450 274 17
492 414 79
581 360 24
434 432 95
504 336 46
18 155 65
577 315 27
182 178 30
442 309 54
288 123 61
584 178 75
168 129 14
410 183 7
177 91 32
50 475 77
14 62 9
341 511 58
20 385 72
456 121 33
245 142 96
105 75 47
40 382 19
117 477 4
204 237 58
433 497 7
268 346 8
338 559 92
140 530 59
15 458 48
494 398 60
141 368 8
481 518 46
92 401 24
252 565 100
301 485 12
353 233 19
362 221 38
299 406 9
272 553 40
224 558 55
30 104 86
575 339 55
144 288 33
536 312 62
532 88 12
387 434 66
107 328 86
192 565 20
16 542 15
586 568 28
423 347 75
184 106 10
175 19 33
265 365 74
365 350 74
450 534 84
41 76 43
477 542 3
430 351 8
212 163 45
141 497 81
163 460 64
354 142 82
536 10 30
174 511 17
599 218 9
470 262 8
183 229 86
462 601 50
224 223 64
67 345 46
447 95 18
117 47 75
76 61 65
147 245 39
282 303 42
550 251 67
282 149 5
327 233 40
318 597 62
341 578 44
181 191 1
591 390 35
166 480 7
482 79 51
183 290 44
482 271 79
474 406 95
52 237 62
289 304 89
401 461 41
470 23 46
262 202 48
317 228 62
129 183 51
522 545 89
105 548 81
106 184 18
193 461 94
259 509 92
170 541 3
469 342 65
270 36 66
514 270 77
210 497 78
53 125 3
188 468 13
36 83 61
530 249 31
141 257 44
316 290 54
103 530 58
505 463 84
219 347 81
418 194 37
407 553 50
543 410 6
194 327 47
527 265 62
423 316 23
2 364 9
36 575 49
182 447 51
404 415 67
448 250 56
414 487 65
6 261 72
347 393 43
390 369 62
420 588 52
54 492 14
570 152 20
393 376 32
414 447 51
227 417 77
11 318 60
19 69 10
351 509 56
54 330 62
463 177 22
496 285 38
413 29 4
299 521 10
22 189 40
525 23 70
71 575 53
435 422 74
183 333 42
443 391 5
69 363 19
87 123 71
546 18 54
43 450 42
163 448 73
113 211 86
388 510 61
83 32 40
328 465 64
520 201 65
26 361 86
79 158 71
369 157 99
357 413 83
284 424 72
474 211 31
249 113 78
384 331 4
576 321 5
62 485 46
29 48 49
566 518 21
278 578 21
207 130 21
318 209 28
117 111 95
32 187 40
339 539 61
292 30 16
133 535 51
395 270 93
373 172 7
120 390 61
419 162 59
270 291 84
373 98 66
386 321 85
334 330 2
123 431 75
371 468 33
19 29 22
373 311 30
104 337 14
229 508 2
225 64 63
125 48 5
129 186 14
181 101 60
123 338 20
575 432 54
468 431 8
183 331 29
115 378 4
211 589 82
141 598 28
114 33 26
316 224 52
301 562 44
178 32 42
83 516 41
324 358 60
91 322 30
467 512 17
344 464 97
427 470 40
175 304 21
437 322 41
199 179 15
519 144 58
269 71 78
499 490 91
204 561 95
33 186 66
94 292 65
430 510 13
280 438 99
366 85 77
61 19 12
527 506 82
24 234 16
170 23 19
432 285 75
527 470 26
102 279 50
414 37 37
402 142 36
527 195 30
155 256 21
41 351 94
573 398 7
326 404 86
87 268 63
574 363 4
439 292 99
69 111 47
264 506 94
288 455 40
573 284 73
550 459 38
62 165 64
305 64 1
139 304 5
358 510 67
256 597 39
508 70 98
38 215 49
597 453 99
479 426 69
440 316 81
70 521 26
35 277 16
81 19 73
587 537 1
186 420 98
473 104 22
347 214 59
327 134 74
467 302 40
490 115 9
295 96 59
147 301 37
538 172 55
284 146 77
593 108 19
556 436 8
288 475 70
110 355 87
601 350 1
175 594 49
299 250 41
574 138 78
1 190 30
339 258 48
412 43 91
151 379 27
191 115 93
14 383 49
173 18 21
272 595 100
464 217 22
428 427 8
94 494 6
351 18 22
374 84 71
357 220 8
219 482 15
1 7 20
216 219 75
247 280 71
192 281 2
453 483 39
543 509 34
205 101 59
56 153 9
573 56 100
535 206 36
319 272 55
28 418 38
355 306 2
93 136 21
333 82 89
92 175 20
44 297 98
59 528 41
369 45 36
273 363 8
86 203 61
298 300 92
315 78 42
312 103 46
427 342 56
40 173 91
408 27 60
224 155 31
142 417 59
536 588 64
241 485 41
205 527 34
21 401 53
502 47 99
432 164 44
308 450 21
21 506 60
198 364 8
534 106 89
422 21 96
423 509 61
120 149 76
320 242 61
487 149 60
411 313 56
275 61 100
582 172 89
33 262 23
454 27 59
377 267 32
216 594 23
580 58 47
148 134 41
271 354 49
431 306 75
569 449 84
95 350 47
82 414 23
154 96 11
258 526 28
2 112 71
82 380 94
87 589 64
492 151 28
468 172 95
281 357 3
379 520 33
133 33 49
403 105 99
515 17 6
600 437 48
193 62 22
513 519 60
93 385 45
394 476 19
273 396 16
62 371 81
248 98 30
560 416 23
311 288 96
522 531 98
499 375 96
114 323 28
38 210 50
218 310 86
11 301 77
107 226 63
422 142 67
88 555 43
509 211 76
157 462 20
158 430 1
602 14 81
303 118 33
475 473 63
380 69 1
368 55 11
127 327 82
13 8 50
588 533 51
295 494 15
421 253 48
78 165 43
94 417 82
586 29 24
367 149 96
244 265 95
474 83 10
588 497 44
360 447 70
81 188 65
65 438 29
185 381 67
300 407 89
30 92 98
145 558 90
360 512 88
374 31 5
320 524 37
377 336 74
30 556 86
302 496 75
321 578 99
309 62 69
325 17 17
64 497 7
155 53 52
108 193 88
364 49 15
102 282 97
39 484 11
37 173 74
415 441 43
151 116 38
177 519 50
191 347 44
408 258 3
363 304 19
533 472 13
542 6 54
453 99 84
193 562 59
553 117 56
444 201 76
109 535 40
578 458 87
414 110 77
290 87 8
216 127 77
133 13 24
416 387 36
32 455 22
245 210 71
37 300 18
506 440 45
150 106 42
506 258 88
529 197 18
333 405 90
77 392 10
80 167 74
368 534 54
78 5 82
130 377 98
135 589 99
122 325 70
379 566 65
581 291 2
63 468 100
499 462 67
169 115 34
166 409 43
145 286 44
263 39 72
533 602 5
386 562 40
231 280 100
573 599 96
356 333 20
435 405 68
104 386 67
423 225 1
157 348 36
11 240 13
534 287 62
340 203 64
116 522 7
230 23 20
240 538 86
110 335 7
290 249 53
497 317 12
378 309 82
295 484 100
126 181 69
499 586 40
307 290 49
184 190 43
254 578 52
182 8 91
303 6 35
269 528 62
34 455 76
69 276 28
241 334 55
331 182 45
208 238 86
1 66 90
499 155 91
338 102 92
505 137 32
93 268 71
324 39 92
354 273 14
262 82 56
362 326 55
377 4 73
83 117 74
19 412 18
582 327 67
222 387 37
575 311 83
415 425 86
357 68 43
291 412 39
577 574 45
580 268 97
292 15 59
526 181 46
237 8 59
469 419 22
72 591 99
261 24 23
256 478 84
400 96 18
86 294 87
215 189 71
392 18 7
299 74 21
541 206 23
124 17 67
255 454 85
417 75 44
382 372 43
90 155 11
232 27 53
94 417 12
464 267 17
340 408 67
563 178 37
53 564 16
540 582 74
128 364 86
598 75 10
226 130 12
261 426 49
253 45 20
413 135 100
519 424 10
111 24 11
248 359 38
551 269 8
109 104 48
224 447 63
269 290 10
216 98 66
210 519 91
45 486 77
160 278 55
600 74 42
442 472 25
247 101 45
163 49 85
181 188 37
133 538 4
71 274 35
258 404 78
452 570 69
211 584 21
599 466 91
73 566 52
271 317 29
462 138 57
425 548 51
315 210 55
371 533 44
49 551 98
216 162 28
399 301 30
46 148 70
248 403 61
135 334 9
258 18 80
229 311 23
288 247 91
10 485 3
423 252 26
482 429 75
496 11 67
528 305 38
506 165 72
197 529 37
525 251 87
518 276 7
46 84 84
452 18 18
461 431 10
516 472 80
226 140 77
94 31 5
462 173 72
234 108 14
319 167 40
52 73 91
585 239 41
11 415 80
238 159 18
69 112 7
119 579 84
276 314 30
275 205 38
16 211 40
91 273 19
106 86 85
8 485 62
509 105 13
326 509 63
386 454 97
413 277 58
372 375 89
23 542 34
441 239 27
340 558 57
429 542 64
481 383 52
562 114 67
313 4 48
145 120 43
511 95 51
61 162 51
209 369 15
130 147 74
184 81 62
596 518 10
15 27 44
248 211 61
447 588 46
55 515 36
24 399 46
254 129 77
287 520 67
291 559 44
33 475 37
213 509 56
559 461 64
343 323 4
261 22 87
145 13 28
321 115 53
116 182 98
7 475 3
71 451 53
419 165 93
367 26 23
138 12 71
69 549 81
478 160 86
580 406 74
589 315 8
596 439 61
151 177 43
351 468 64
319 410 36
235 85 88
399 69 88
182 196 95
92 597 49
144 54 50
378 211 51
584 68 29
267 441 69
240 197 26
9 288 19
371 355 35
55 415 78
327 541 20
310 208 72
221 546 74
580 21 6
289 392 13
459 586 94
12 188 85
327 139 36
247 81 4
10 319 5
514 290 3
96 402 63
263 429 59
368 351 24
358 133 15
11 144 66
491 333 24
60 545 14
377 341 28
524 207 38
35 381 63
359 177 68
412 131 33
169 491 77
466 422 73
379 215 18
148 129 51
446 333 76
79 431 67
278 94 27
68 510 63
539 20 68
208 234 58
267 323 22
595 286 28
443 561 62
445 67 88
195 565 75
327 290 87
153 532 45
432 129 51
235 398 71
42 76 97
495 340 55
289 165 10
28 502 90
469 79 53
417 110 6
169 91 95
566 40 56
443 467 60
108 126 42
264 241 43
455 20 71
568 580 15
86 300 47
51 263 20
364 413 25
485 86 21
548 402 66
429 306 79
325 237 26
504 41 22
45 199 31
300 181 26
386 141 62
500 420 59
207 181 81
154 565 69
569 229 97
250 222 79
259 333 89
160 593 4
39 562 57
595 208 100
511 49 87
416 502 17
119 491 95
454 493 23
182 103 2
393 289 96
111 560 78
301 85 18
188 15 6
422 142 22
555 147 18
323 114 42
51 394 62
97 125 99
378 62 17
309 149 26
527 429 94
154 577 32
78 568 21
410 446 53
91 255 23
223 119 79
223 162 71
582 466 74
429 74 91
54 61 21
246 418 94
26 401 75
308 487 87
557 392 10
594 166 18
479 558 75
58 378 88
599 528 81
125 334 3
145 526 37
391 193 28
8 174 76
92 150 46
339 555 95
337 506 59
301 327 35
450 274 65
342 560 87
539 507 31
324 70 2
522 80 2
80 91 69
321 462 42
408 143 58
233 171 71
229 314 84
136 21 83
528 351 63
81 430 35
29 101 17
142 364 62
182 594 10
47 474 31
343 553 85
317 499 73
160 199 39
304 180 26
368 399 8
265 116 74
29 461 51
150 581 31
90 122 92
70 499 41
295 49 94
109 362 22
281 59 16
108 361 94
385 391 84
178 179 55
100 274 10
132 200 63
276 230 53
280 87 99
342 284 73
485 286 49
451 450 5
457 374 32
398 307 77
401 568 62
259 566 10
364 359 83
434 535 90
462 129 86
265 363 36
250 520 75
359 279 58
567 7 68
83 337 89
110 87 50
1 250 54
289 438 6
446 135 18
505 195 49
350 329 40
14 232 38
154 139 41
79 27 29
39 214 35
69 551 90
534 110 55
55 229 2
453 534 1
48 163 33
289 140 26
583 598 52
358 442 18
119 511 48
110 533 57
534 124 42
501 85 59
498 154 5
415 69 25
529 312 89
373 266 49
155 199 34
594 417 100
130 334 69
71 495 59
359 185 55
62 559 98
165 483 27
159 538 60
565 210 24
332 577 76
525 485 49
201 392 10
217 143 3
339 16 4
312 595 73
251 9 87
304 176 34
65 139 16
335 63 36
420 366 63
87 596 28
416 238 57
573 407 67
384 227 90
157 257 13
595 89 65
413 188 60
200 131 98
213 56 27
395 406 48
535 393 58
46 192 72
84 420 49
288 294 100
366 481 95
253 483 93
444 320 32
360 369 87
273 428 39
7 263 78
69 60 86
562 289 14
153 96 100
164 77 12
349 60 7
231 477 69
529 450 17
415 81 58
184 437 11
52 298 27
134 442 7
586 23 19
583 450 43
237 256 24
15 94 2
371 539 10
504 96 33
586 413 98
273 42 61
377 269 94
296 285 2
510 110 13
10 120 76
36 475 30
150 388 44
443 36 88
303 328 27
58 532 16
99 11 86
125 470 1
299 322 88
504 397 65
17 528 59
410 49 60
80 231 48
109 205 53
570 567 41
159 265 73
50 190 18
209 547 78
25 74 7
451 202 67
474 339 38
15 108 18
109 327 3
372 544 97
307 542 58
462 360 12
288 64 29
34 225 21
570 444 80
139 465 97
570 430 10
478 537 28
60 305 10
146 66 96
77 366 39
189 67 51
461 444 50
567 600 58
468 131 14
416 60 52
355 38 1
396 14 56
162 97 24
499 177 26
507 164 25
14 558 60
83 76 79
125 586 67
485 470 67
437 426 78
150 516 100
190 24 62
221 403 28
361 221 43
40 400 38
123 102 12
599 79 72
416 384 48
428 597 22
206 368 92
341 522 33
109 245 68
538 532 69
561 528 8
180 194 29
517 511 82
72 567 50
533 323 50
482 234 43
544 549 36
201 87 39
188 537 98
351 591 70
200 282 6
305 102 55
330 283 21
250 515 59
80 273 94
114 78 30
564 324 92
597 182 31
315 78 48
260 169 89
228 427 86
136 495 69
277 260 28
179 326 99
30 378 100
211 192 33
544 464 96
466 433 17
194 42 29
188 168 3
204 109 44
239 176 71
446 161 71
150 409 93
384 500 35
298 50 63
594 17 14
464 333 57
98 248 100
380 151 43
156 23 34
106 182 27
589 1 99
219 548 29
179 309 11
492 594 28
218 353 84
480 49 38
308 365 14
155 405 26
444 119 42
62 235 23
293 460 33
76 281 70
308 234 61
487 578 55
27 252 60
14 73 88
601 509 5
242 238 50
159 84 94
95 414 95
271 2 57
100 50 91
383 382 34
112 57 88
42 390 98
291 362 82
297 2 76
589 440 84
569 378 16
155 482 91
571 3 42
194 58 13
66 452 54
475 172 80
395 257 58
193 196 60
69 405 39
530 457 72
602 388 14
198 77 59
383 162 7
133 91 75
226 377 25
378 482 57
12 112 88
417 73 22
326 26 26
493 359 37
295 213 41
37 496 9
304 39 93
284 137 57
478 116 13
246 555 69
176 311 95
80 492 54
473 552 16
250 578 58
553 304 74
124 172 34
392 256 42
489 594 74
395 411 100
288 551 84
599 224 79
373 580 96
248 251 22
244 371 11
313 101 44
33 154 82
518 397 78
561 337 64
343 235 47
570 256 91
404 581 41
76 315 24
2 593 36
442 9 46
81 221 95
503 123 91
143 531 49
279 307 86
17 474 68
71 396 62
252 394 54
520 135 35
295 273 22
231 85 5
143 574 4
106 332 6
127 243 82
165 478 16
200 199 74
584 256 76
48 493 21
383 136 73
398 1 1
184 156 71
126 530 26
154 511 88
296 147 12
140 187 10
424 551 25
152 404 47
56 66 97
483 499 8
97 361 34
68 552 47
397 161 88
429 368 74
256 198 22
502 144 72
215 497 44
200 180 25
71 492 73
226 224 1
125 601 36
106 502 23
485 424 42
417 23 72
74 465 58
586 209 43
97 98 97
133 206 38
550 424 25
592 129 24
493 266 55
356 294 42
82 149 91
117 488 7
217 212 61
452 160 63
542 120 5
61 537 33
126 124 84
203 46 79
286 190 45
316 7 83
582 9 26
533 191 22
564 278 16
554 388 11
424 131 13
279 89 28
265 30 11
59 418 2
372 376 50
220 411 88
137 595 82
368 192 59
530 413 37
516 412 70
522 549 19
570 515 31
367 148 65
292 513 73
302 335 55
129 108 55
520 250 39
523 457 45
456 236 100
571 525 76
2 509 76
553 152 95
215 393 31
495 42 83
496 255 62
524 157 16
216 505 16
431 92 11
590 486 54
92 121 89
19 127 72
26 324 62
290 153 78
95 248 98
444 553 84
548 47 97
382 134 16
174 152 4
205 309 14
187 147 66
444 321 72
56 36 87
208 258 25
58 507 58
174 356 43
487 496 2
158 243 17
96 170 1
48 253 40
387 33 29
331 275 39
240 198 2
28 138 71
560 210 56
374 274 86
305 599 67
6 325 75
331 335 42
312 138 82
50 311 64
72 383 19
500 159 75
164 131 25
167 349 73
284 524 97
413 64 7
446 493 82
83 599 100
527 272 24
262 344 95
474 319 25
168 549 2
548 595 13
39 109 70
282 124 45
332 180 16
431 186 98
209 170 91
482 70 83
360 172 19
111 164 39
474 476 63
165 537 98
191 424 33
307 240 14
138 153 61
588 327 68
343 420 63
228 384 62
166 115 87
4 126 41
294 312 44
434 235 62
92 438 67
415 267 89
461 103 55
194 559 89
215 310 68
523 65 15
403 587 52
455 392 59
67 195 49
415 238 59
576 144 94
580 294 12
396 369 10
568 410 31
438 291 76
457 329 26
258 259 14
408 134 16
570 425 53
227 448 13
209 107 23
477 2 58
182 217 5
231 27 10
259 183 81
230 453 40
345 535 5
151 138 46
31 323 18
269 131 78
266 263 87
76 169 98
28 138 82
423 256 29
282 362 69
422 445 16
76 351 71
473 296 23
47 397 91
529 67 39
346 360 76
577 450 21
452 533 73
27 586 69
52 108 48
291 26 2
419 110 85
430 288 56
267 62 69
26 328 82
455 91 8
77 458 40
513 353 85
59 571 98
574 59 16
316 356 29
378 541 13
20 451 42
380 120 18
585 334 9
510 310 58
458 543 38
462 28 72
6 590 66
125 475 70
152 89 59
364 536 21
479 480 78
371 254 100
446 206 100
407 235 14
468 508 62
363 525 22
454 37 74
602 295 56
15 558 74
563 280 78
142 167 73
27 365 61
512 214 52
480 334 16
302 484 97
411 415 6
108 312 33
414 248 66
228 337 66
551 193 64
576 498 90
221 245 82
375 503 5
187 154 69
160 267 65
290 596 41
528 306 21
553 255 92
154 503 43
126 376 66
222 170 47
43 109 47
4 403 54
198 425 100
82 116 48
163 276 60
522 421 38
382 521 47
470 169 96
282 69 25
195 185 59
511 396 3
347 231 4
174 123 33
122 379 85
402 597 63
403 502 11
6 333 87
478 428 78
37 147 31
588 497 79
593 33 17
430 177 89
242 106 81
91 405 78
326 366 87
344 86 96
589 531 32
171 73 65
537 302 50
377 34 47
137 229 76
319 367 35
255 313 57
205 443 58
363 177 7
413 241 80
1 487 21
458 466 37
41 401 29
304 242 39
365 261 13
468 476 73
94 202 32
310 448 92
243 266 56
512 15 78
343 574 82
554 424 35
408 140 96
331 49 47
518 5 23
34 557 57
222 556 36
355 362 52
373 499 88
582 265 77
499 289 50
259 518 21
538 230 33
495 379 9
187 30 36
121 368 71
445 459 88
545 416 34
63 509 88
368 236 5
530 123 70
34 246 16
207 563 85
272 401 48
165 77 5
531 357 80
584 29 47
229 66 85
5 121 46
384 113 91
569 99 89
361 173 56
180 277 34
295 222 80
357 359 42
19 199 99
584 294 87
76 226 35
267 476 83
92 369 70
443 386 83
301 399 90
290 137 24
27 476 7
509 318 27
239 68 32
494 23 4
233 290 76
505 339 91
126 534 49
157 336 74
344 126 65
249 543 19
157 223 96
531 541 85
95 153 88
24 400 86
36 323 10
412 322 48
398 58 66
141 224 61
234 112 66
220 357 5
79 24 28
501 377 30
232 412 59
563 289 89
6 578 77
255 562 12
593 517 100
205 220 52
412 367 29
356 349 90
523 559 42
217 37 39
111 213 60
598 508 6
535 587 1
148 2 64
129 42 38
176 372 28
108 142 79
286 109 77
577 496 93
136 469 37
88 267 35
15 389 83
433 61 31
203 169 47
98 335 17
535 138 6
392 107 67
64 291 76
54 2 48
378 593 77
439 347 95
173 289 92
248 139 43
101 63 67
47 85 86
304 237 56
550 326 96
323 513 19
471 198 99
434 410 67
201 513 76
320 468 40
575 159 74
414 279 78
365 585 31
515 558 8
310 19 10
233 100 11
518 510 88
487 525 66
125 7 39
127 217 71
428 264 12
265 492 68
280 348 14
550 491 35
353 70 56
289 578 14
217 465 89
565 473 30
40 498 55
211 45 29
218 286 14
189 176 63
144 33 5
518 135 50
150 261 81
571 156 87
153 359 8
111 100 41
156 201 29
148 523 12
55 537 29
317 89 17
241 304 92
380 442 94
162 116 9
191 561 71
411 574 73
241 184 91
461 184 70
347 429 10
98 553 84
474 223 26
385 480 33
108 340 73
51 102 37
174 370 32
344 219 56
522 180 20
561 125 86
143 332 26
19 321 53
6 214 74
318 248 5
217 340 15
75 555 20
272 129 34
278 209 9
497 449 5
429 389 77
8 92 11
259 477 27
537 92 76
173 499 15
114 275 26
107 451 55
331 596 76
128 529 20
400 225 11
344 263 33
104 505 80
575 534 98
479 193 57
306 8 22
468 119 23
235 363 35
163 285 14
27 559 74
497 411 20
168 186 23
161 282 53
89 160 64
214 152 54
287 137 15
192 233 36
466 55 73
594 476 82
23 83 21
227 90 58
437 194 95
125 381 59
365 571 64
348 278 78
352 453 49
559 485 21
164 187 82
555 197 90
320 104 51
532 151 90
256 351 4
145 281 72
576 453 82
589 221 10
242 498 85
502 356 36
277 171 68
535 530 79
546 39 67
324 537 90
359 86 37
310 20 65
374 596 69
128 397 69
375 44 33
133 408 92
169 354 84
235 445 90
502 131 94
201 398 16
238 534 57
542 103 72
130 227 6
85 410 21
211 398 52
408 211 31
89 567 74
409 121 34
437 502 77
258 435 12
162 57 31
119 88 61
352 580 13
390 71 8
571 475 35
115 458 4
51 423 83
584 424 9
10 549 89
44 516 36
501 116 86
551 539 20
248 162 49
3 537 49
200 332 52
527 313 98
582 176 85
587 546 59
197 208 100
75 435 87
70 406 57
53 202 59
190 24 22
378 33 37
160 39 3
200 404 37
402 275 58
62 319 45
164 324 30
420 416 89
599 28 23
601 95 45
131 392 95
368 294 2
392 557 39
548 403 77
148 557 57
595 452 92
187 375 91
432 308 36
3 567 51
48 515 50
328 236 21
69 29 45
573 47 92
285 600 87
52 82 46
481 134 53
229 297 62
457 444 3
9 211 19
13 67 78
240 533 93
597 493 83
582 352 89
383 35 95
113 85 27
210 287 33
255 15 92
141 280 95
549 591 80
432 595 30
148 343 9
84 248 89
582 24 63
163 473 69
389 384 56
237 103 43
277 331 70
425 587 10
66 105 16
44 138 87
37 97 100
106 544 11
491 9 100
392 227 69
341 73 58
551 310 53
5 252 74
224 478 97
373 301 91
558 201 55
234 34 100
73 56 25
548 80 58
344 583 40
491 453 59
128 588 22
287 119 67
455 594 66
597 232 83
24 476 9
523 510 98
271 101 12
418 470 60
100 449 80
575 35 94
372 555 22
89 213 88
401 81 92
358 474 23
595 67 76
514 457 60
520 111 94
564 318 94
242 483 35
190 159 45
112 185 53
591 323 94
434 430 58
402 64 65
158 375 31
309 163 66
72 400 6
273 171 61
483 181 24
48 236 26
580 29 93
304 299 64
580 589 89
202 545 91
50 520 31
411 366 15
49 128 20
496 537 92
33 451 59
599 19 29
190 322 82
561 173 90
206 570 87
312 54 97
597 82 66
10 147 61
475 513 69
538 276 67
208 494 44
169 193 70
599 382 94
77 302 44
407 441 8
501 545 14
57 590 63
299 169 24
590 328 75
273 567 28
53 212 51
567 129 91
121 592 93
373 354 28
122 86 22
513 143 19
255 241 87
540 211 51
450 535 42
532 318 21
186 422 78
336 263 90
299 76 34
498 266 28
288 559 6
151 548 22
109 400 26
111 97 36
80 250 60
140 257 10
527 449 27
388 525 30
508 66 25
535 227 6
484 543 24
290 15 100
229 602 29
515 165 3
497 317 89
187 236 21
173 330 65
277 60 5
28 211 28
530 93 59
205 361 64
239 234 1
140 51 42
150 584 22
430 256 95
423 470 58
257 579 65
599 120 2
515 143 23
570 293 53
30 384 80
376 333 59
83 125 1
45 401 56
502 329 58
22 70 39
504 220 83
425 602 80
272 541 47
59 62 96
477 57 29
137 178 22
562 600 78
350 186 72
527 17 76
118 553 75
198 337 52
209 373 64
301 285 66
92 509 37
239 290 69
423 16 1
426 115 34
341 449 57
258 241 40
577 523 82
562 438 28
247 88 62
573 536 45
549 372 76
486 235 56
128 5 68
67 473 66
494 238 35
331 574 55
298 24 31
346 535 91
161 92 98
463 172 21
572 577 10
66 191 5
23 365 62
346 38 43
152 160 9
292 316 59
427 432 22
505 227 42
261 598 31
385 172 66
374 435 55
165 545 42
439 211 85
40 568 86
462 385 91
139 282 18
77 415 90
414 372 7
25 499 72
462 426 62
444 266 81
170 536 49
522 220 25
602 332 19
162 33 65
145 172 34
541 73 7
89 232 11
587 536 6
319 7 47
497 60 93
514 100 43
297 318 95
574 78 40
173 248 65
453 551 25
49 309 65
357 556 60
476 349 100
283 563 45
384 114 20
24 120 68
147 517 2
6 532 45
81 225 22
77 64 13
340 430 57
240 3 22
98 554 62
65 488 39
344 209 48
221 92 58
325 493 26
19 214 38
513 549 12
106 455 68
230 207 68
204 467 89
148 296 47
313 550 12
265 117 18
346 571 10
193 333 20
85 168 45
357 317 78
504 39 76
245 2 55
529 82 77
239 178 8
396 371 50
479 161 39
27 599 88
402 80 28
305 418 29
373 254 60
28 506 35
311 498 82
417 98 19
505 487 49
274 486 22
123 147 99
226 154 83
287 135 91
5 132 24
599 200 42
314 190 72
121 430 47
541 157 24
277 305 19
344 546 59
229 501 98
310 385 79
69 41 24
4 444 43
444 88 68
370 309 86
117 4 61
314 507 4
591 115 78
127 319 35
283 200 83
33 217 97
351 206 66
439 380 64
80 130 3
381 284 100
435 531 70
456 465 57
110 56 68
332 412 7
492 43 39
130 106 42
252 160 32
112 370 57
243 394 37
182 587 100
445 301 42
497 514 85
402 230 88
19 177 19
32 433 15
535 561 15
285 512 61
274 451 66
325 298 86
405 6 63
330 1 63
462 255 12
39 121 48
69 350 64
436 328 49
308 499 37
497 406 82
78 85 94
490 75 33
160 541 88
568 486 67
485 595 54
311 165 47
257 309 17
544 130 86
157 365 91
252 306 57
307 180 74
555 438 34
55 170 76
153 87 32
187 124 93
457 242 68
8 501 13
582 541 45
142 57 27
150 469 29
441 563 36
455 109 36
119 90 49
359 83 29
13 307 44
552 276 1
19 345 55
25 353 78
548 347 12
410 197 67
124 92 87
274 106 82
387 187 61
101 597 2
264 479 68
449 111 61
399 32 24
90 231 38
152 204 6
552 364 95
567 207 92
128 105 90
439 169 59
343 505 58
294 56 21
477 530 39
161 178 78
21 311 37
286 261 60
98 124 45
37 229 37
316 291 10
564 97 77
577 529 21
114 14 9
573 332 81
257 477 48
560 399 73
209 321 88
398 341 84
588 207 76
37 580 1
419 578 17
103 251 62
488 237 88
246 216 49
517 462 78
167 45 33
47 17 99
205 278 26
366 484 55
81 533 13
254 402 55
270 138 2
303 276 72
594 34 62
519 317 20
364 510 25
467 361 80
354 130 24
1 88 94
580 236 66
175 94 38
277 449 71
142 302 29
444 317 39
54 224 3
229 437 90
551 567 58
19 292 48
135 388 71
87 357 93
91 160 34
207 67 60
598 456 1
493 202 2
187 441 36
224 583 51
102 162 3
274 120 79
282 145 86
594 402 7
199 216 69
237 515 37
556 302 45
263 460 35
434 342 58
571 359 50
275 355 27
361 390 84
265 457 29
589 354 88
349 124 60
185 184 53
305 232 32
81 91 10
288 13 22
347 291 28
141 310 87
422 518 35
470 24 85
378 224 85
231 60 71
188 220 35
367 385 49
205 147 16
338 575 67
525 278 49
451 505 93
496 232 28
229 158 77
301 228 50
351 270 97
459 481 93
237 227 54
184 415 54
598 587 74
418 186 27
400 292 12
428 10 54
78 120 4
54 552 56
537 528 66
76 425 51
448 46 15
552 520 28
93 545 49
456 499 16
100 131 11
193 499 41
303 466 64
60 468 43
601 414 29
570 298 52
206 128 87
533 274 90
392 411 17
272 173 8
106 169 38
359 157 76
308 88 55
110 68 24
486 383 6
531 429 34
434 223 88
49 130 54
247 402 89
488 568 3
117 272 20
491 133 61
363 301 10
278 160 100
28 67 11
321 305 63
546 515 21
210 14 17
476 116 24
88 269 51
505 294 77
601 322 96
148 466 77
539 65 1
536 8 8
127 207 93
434 550 81
470 52 47
441 148 88
284 254 90
530 404 17
55 197 88
536 326 8
18 39 19
38 105 49
273 88 34
506 329 1
185 300 27
563 273 79
360 120 96
27 131 74
400 121 40
247 93 36
391 406 1
47 513 15
72 231 31
434 474 94
54 43 28
576 486 69
298 25 98
318 25 66
47 239 94
586 462 7
547 65 4
550 264 43
301 468 69
194 380 57
302 543 90
572 285 27
556 550 93
119 571 46
442 163 34
289 69 21
77 21 69
56 235 26
5 134 10
390 344 72
486 510 10
410 548 72
238 520 58
381 529 75
469 349 57
178 333 6
533 470 47
567 580 66
174 89 38
48 389 79
450 391 40
520 224 58
559 262 38
530 328 4
115 505 95
105 301 13
80 18 38
598 338 61
326 418 49
454 515 82
68 305 65
251 505 74
566 582 38
294 331 69
26 482 55
426 341 65
7 54 26
90 186 71
17 50 29
377 376 18
87 23 35
419 35 37
323 317 82
256 156 25
565 190 4
227 273 3
259 4 79
312 288 2
568 539 50
284 572 100
300 78 98
386 165 28
438 510 7
17 170 33
335 424 84
519 426 31
214 380 79
370 106 80
470 208 32
497 77 26
159 325 67
413 65 21
335 585 53
7 537 51
373 275 47
437 489 58
404 103 94
427 304 39
510 410 6
343 336 36
291 254 71
305 550 15
239 80 76
332 447 11
436 258 49
363 559 74
295 478 44
236 72 4
263 145 69
242 357 32
391 466 3
318 577 49
330 506 9
483 602 48
544 565 25
479 569 62
551 211 85
551 92 71
590 355 36
265 222 29
91 214 4
217 588 38
262 353 79
463 161 3
456 167 13
237 386 90
48 204 89
121 355 80
9 507 73
417 22 11
230 359 23
140 186 70
240 247 59
139 538 52
588 442 5
601 164 8
183 102 20
24 526 48
186 354 82
97 527 59
263 360 41
342 131 62
152 542 28
308 480 55
285 22 66
477 287 88
488 131 54
378 202 54
454 104 59
61 140 57
385 452 30
464 519 40
206 284 89
504 424 92
502 441 85
75 373 83
582 42 36
193 601 14
518 491 30
577 331 43
520 485 20
513 512 48
249 275 12
297 541 90
246 108 76
164 210 58
394 507 44
83 420 5
174 398 79
240 356 8
595 393 38
519 572 81
16 36 80
550 446 10
521 321 1
227 370 40
455 293 56
331 321 84
152 21 89
173 396 65
425 521 14
405 599 90
40 315 16
137 507 94
315 450 64
75 219 42
39 65 34
471 449 22
219 453 42
167 87 99
417 150 6
99 230 93
509 495 24
573 119 55
207 285 73
165 517 67
485 430 90
513 412 92
263 70 25
431 584 67
261 318 39
23 486 68
34 456 23
590 576 2
48 415 28
37 93 48
362 177 76
209 63 96
434 207 64
144 82 73
411 337 23
142 236 35
520 506 45
71 497 4
313 430 31
38 402 37
507 379 4
495 180 36
357 444 71
576 344 49
23 29 77
510 172 83
323 450 47
172 57 60
103 14 81
241 63 61
36 593 24
108 385 51
162 391 40
601 213 49
554 29 45
188 30 47
164 258 28
227 339 28
367 20 6
344 89 70
428 98 36
153 226 27
554 82 84
7 534 28
497 600 95
216 243 54
111 31 45
416 6 10
81 369 18
384 165 53
155 541 30
585 224 57
323 404 52
60 470 1
44 589 17
173 478 83
598 10 77
308 247 61
446 451 75
216 382 12
184 450 56
178 37 47
304 70 65
40 17 50
443 163 43
309 240 36
250 206 41
419 531 32
380 293 23
505 290 72
160 155 40
127 170 1
89 229 50
339 222 90
592 4 93
538 214 39
572 77 51
283 212 67
200 263 32
128 533 15
432 297 23
105 72 45
26 589 11
425 223 53
395 241 68
13 80 8
585 236 20
223 460 55
234 551 2
128 282 82
182 513 44
519 567 84
142 481 48
523 89 12
168 256 2
595 293 30
386 286 78
359 503 88
496 302 84
69 382 88
53 422 3
157 377 92
34 76 67
289 310 100
386 114 27
209 459 77
299 133 63
181 265 28
597 118 91
533 246 93
254 295 84
433 37 40
582 52 36
5 179 91
197 78 9
144 476 69
199 493 90
188 566 51
547 492 10
68 419 56
215 267 60
372 210 13
49 478 93
361 165 90
488 23 39
391 91 82
162 59 26
591 573 56
362 115 23
539 300 93
263 216 66
512 65 24
370 407 78
205 439 33
298 287 71
242 20 7
131 397 88
392 210 6
15 281 59
368 408 95
10 523 49
97 342 74
153 409 66
491 7 91
272 220 41
583 113 58
561 544 42
410 526 14
287 204 60
222 520 29
218 234 74
252 131 50
31 459 86
101 139 1
157 195 63
295 304 41
242 142 51
255 81 94
536 56 91
228 470 39
413 388 78
456 16 59
193 277 26
542 58 18
594 291 55
108 285 65
538 499 38
10 405 100
397 139 90
220 143 87
215 111 12
276 164 12
545 478 66
290 433 96
529 514 16
435 541 73
105 242 38
38 141 21
4 552 70
420 110 54
132 382 30
345 211 87
32 378 72
502 489 93
369 519 15
99 486 2
478 399 9
411 466 68
104 593 54
176 471 1
215 466 4
307 197 36
501 336 76
135 379 33
517 317 73
135 242 43
500 177 12
482 511 24
452 307 35
440 503 34
368 63 100
281 389 24
475 546 32
84 12 93
295 62 27
563 470 81
533 247 82
382 266 35
336 550 87
458 455 9
478 76 68
59 513 3
103 115 74
159 65 73
446 281 54
479 582 67
532 568 9
271 239 61
516 118 86
162 27 6
324 136 84
188 282 93
152 93 21
258 187 91
483 1 84
134 471 18
260 7 4
390 511 92
367 361 17
462 206 39
201 2 32
486 38 30
435 149 80
343 515 18
475 345 65
373 440 8
383 135 21
205 55 45
225 68 48
17 305 59
342 438 72
52 74 45
192 533 85
239 211 68
420 413 30
271 347 95
392 451 11
275 368 47
55 504 4
140 327 7
321 342 71
252 492 62
147 492 92
199 197 62
375 336 67
177 375 33
25 489 46
243 139 7
113 131 45
194 105 67
67 519 70
75 240 90
41 277 19
231 350 80
206 492 47
301 388 20
469 280 50
543 118 89
308 393 37
136 341 43
393 31 19
268 481 15
543 362 8
362 566 35
119 63 94
226 107 85
308 206 81
352 580 4
2 150 19
290 327 92
94 438 42
291 288 40
449 496 90
380 344 6
202 287 35
213 451 10
263 255 22
575 370 57
92 304 39
560 88 35
184 231 63
100 596 22
405 229 84
578 289 37
154 113 91
518 25 14
16 508 9
399 100 32
4 217 40
476 399 89
495 497 11
271 243 57
46 105 55
300 338 72
346 28 72
429 181 13
113 56 57
471 289 90
254 522 71
176 204 8
22 302 42
359 255 30
136 553 70
7 151 97
404 483 41
484 152 53
250 368 17
105 495 44
5 33 80
588 266 17
274 454 22
3 388 90
352 264 70
298 435 98
275 120 79
246 230 51
424 467 60
6 95 100
573 281 22
398 11 29
47 206 74
420 310 92
383 464 52
144 358 81
421 282 93
77 596 96
577 171 73
463 129 73
192 226 92
359 432 100
285 258 28
124 308 99
56 596 13
492 197 35
68 62 32
562 327 95
408 21 21
179 187 4
401 181 24
44 579 29
140 462 90
564 530 88
80 262 44
260 33 30
454 502 64
131 196 11
409 413 88
414 177 84
578 300 2
496 492 67
242 294 10
437 580 52
161 379 24
32 478 4
376 486 15
342 590 64
595 274 18
357 382 84
136 416 61
431 489 42
539 555 66
161 379 45
294 561 91
590 297 90
389 513 75
88 485 80
417 123 81
541 237 43
532 475 57
136 505 78
371 583 22
17 306 75
141 590 9
189 187 4
135 297 7
75 359 96
338 534 67
511 227 99
178 152 71
422 486 64
76 321 29
246 444 54
210 248 81
225 509 86
349 228 26
318 453 12
337 543 1
359 63 83
83 272 63
406 257 64
38 343 19
43 206 50
519 472 52
265 598 64
127 342 36
379 151 81
480 255 66
527 526 8
545 435 85
354 80 50
258 171 4
142 413 20
279 343 51
261 300 93
381 436 8
68 161 53
327 505 5
548 504 46
25 427 90
159 518 70
216 40 66
257 295 1
497 294 15
263 150 52
377 474 96
123 238 23
143 206 11
23 160 60
467 237 36
225 117 59
283 438 48
557 366 97
303 557 91
385 335 76
3 2 18
318 37 27
30 487 55
63 581 36
55 296 7
155 571 17
592 30 94
154 496 53
105 579 10
84 375 41
253 279 1
155 575 89
178 252 46
49 395 96
329 345 53
361 432 11
161 172 45
367 75 62
453 136 98
241 287 2
39 308 3
73 573 39
513 503 40
588 332 59
586 547 55
588 232 42
347 564 77
412 441 98
408 448 48
240 571 6
70 353 43
401 39 51
290 556 66
162 312 83
84 253 20
586 578 50
148 37 90
533 419 50
134 512 89
93 437 98
161 66 27
328 350 53
98 512 43
460 550 82
108 241 71
300 565 61
53 101 50
35 221 86
485 395 47
61 389 73
561 20 38
67 2 66
365 582 86
484 341 73
327 443 55
271 36 44
367 8 89
457 218 7
595 242 83
431 538 87
110 151 17
515 355 11
411 188 97
58 436 86
175 342 27
146 224 16
100 221 83
355 582 26
151 519 3
58 170 73
303 318 32
392 326 48
95 581 91
400 166 51
307 441 5
512 566 55
414 256 87
526 111 82
73 471 84
515 329 9
69 295 74
6 421 42
216 455 56
28 31 30
235 33 54
289 578 29
389 515 26
56 513 52
90 540 17
532 259 18
379 35 2
246 76 92
292 52 83
570 196 55
267 154 11
498 97 85
192 591 40
54 562 10
266 422 56
482 423 57
444 571 11
328 197 6
101 114 19
368 470 47
264 210 16
401 290 40
481 298 40
386 194 42
540 47 14
437 213 21
511 38 69
136 586 22
491 108 20
189 426 15
456 433 55
349 524 48
291 116 62
559 24 98
106 243 39
329 412 2
410 90 65
321 293 19
461 233 64
376 324 35
311 25 16
206 28 84
566 68 67
453 147 15
64 171 32
495 121 61
401 216 62
244 530 22
61 398 2
210 447 37
372 443 29
505 192 99
281 230 37
70 276 62
87 88 25
253 72 35
84 52 60
70 356 11
370 595 86
294 514 76
82 162 5
236 56 92
194 320 29
516 328 47
484 445 91
387 210 96
7 447 82
39 200 73
227 181 14
93 552 70
192 311 51
514 372 91
502 407 8
304 370 74
33 582 75
276 431 49
255 472 42
122 482 57
511 498 13
321 464 70
283 457 21
511 280 17
324 564 25
362 591 90
430 48 21
436 302 56
187 99 77
267 206 19
386 140 81
390 223 38
4 177 53
163 73 3
249 540 21
467 433 85
63 169 63
121 534 42
10 197 75
364 425 88
209 203 2
363 251 46
95 541 32
48 318 89
78 415 13
388 549 23
451 437 86
281 398 41
441 510 40
520 299 31
119 331 47
445 96 52
232 53 27
56 540 98
513 459 38
402 391 80
488 510 31
282 253 87
68 163 28
298 89 54
259 143 9
50 62 56
57 376 18
271 28 54
176 262 72
488 153 32
109 495 92
166 74 34
203 7 70
183 405 33
558 196 50
20 466 88
195 340 26
479 321 89
234 445 75
45 324 9
226 252 21
436 534 85
217 259 33
24 465 10
248 422 18
517 209 34
570 159 86
182 115 81
69 398 71
348 448 69
402 90 29
240 309 63
233 107 96
53 46 53
204 419 84
103 179 78
512 10 22
58 584 66
296 130 74
367 46 71
109 562 61
44 185 81
383 440 52
378 595 34
316 264 88
66 3 81
333 265 49
184 72 58
588 530 8
344 482 16
539 396 32
548 570 46
426 221 79
20 88 90
475 179 65
222 201 82
296 407 32
33 66 34
453 372 88
463 157 41
480 359 11
447 167 61
333 500 52
561 271 76
400 112 27
198 166 14
452 491 47
193 320 56
166 192 69
250 534 19
90 30 61
524 171 40
326 567 31
411 400 13
10 83 36
319 514 66
423 157 4
174 365 45
411 539 69
569 376 48
500 39 77
46 485 30
72 85 62
272 145 59
526 457 51
362 277 16
265 311 88
19 54 66
48 153 90
166 110 12
484 67 61
222 168 89
462 484 84
430 415 93
501 70 17
540 108 44
53 536 24
549 155 90
591 456 90
194 528 89
459 251 4
413 28 24
268 175 83
222 1 4
429 560 97
537 38 85
353 414 14
428 255 81
81 546 53
163 143 92
81 529 83
443 258 43
62 276 89
284 123 43
57 313 73
209 55 32
59 394 5
340 589 66
149 306 58
73 311 53
269 117 43
337 39 46
508 133 86
293 97 89
514 56 60
515 272 90
196 20 34
33 202 72
54 598 13
129 477 56
147 416 56
510 442 68
486 467 23
505 265 42
109 496 71
68 461 68
150 262 31
561 449 79
204 509 32
171 302 14
442 398 46
589 26 20
421 180 30
225 339 62
462 407 42
514 238 66
379 420 16
124 21 8
267 548 4
108 106 46
40 390 83
130 19 34
275 86 83
243 521 58
182 231 20
197 493 98
81 574 47
290 510 42
589 112 27
175 397 98
429 91 49
225 188 84
452 431 5
9 159 46
468 75 94
305 512 58
338 232 15
584 138 15
490 259 100
168 220 65
424 476 18
333 21 27
550 462 46
597 561 61
197 311 85
425 393 88
305 408 22
303 289 100
378 413 21
29 448 89
376 557 18
508 289 88
17 216 30
298 459 16
203 68 53
127 251 75
207 499 32
594 522 66
553 546 33
575 380 12
129 250 66
156 79 5
173 262 60
298 394 76
551 45 56
419 142 6
416 518 3
334 94 94
515 541 25
478 290 22
115 16 65
256 344 72
543 68 82
333 92 62
186 471 88
204 429 75
57 322 87
415 281 71
571 591 92
169 339 19
237 103 98
304 506 29
112 387 15
145 191 50
205 106 39
291 462 67
432 546 28
422 570 63
474 352 20
218 96 8
386 601 23
562 122 70
103 79 12
344 262 42
8 219 33
100 37 17
517 159 75
501 295 36
318 181 71
570 465 73
453 182 95
417 85 18
410 69 75
227 198 45
195 564 56
523 419 79
319 18 25
41 197 31
427 294 51
181 580 86
273 254 24
159 543 94
28 152 28
315 282 20
301 378 17
497 310 2
185 439 95
209 287 4
246 292 40
455 49 67
341 264 16
571 90 85
142 534 70
474 207 4
301 398 67
456 470 79
218 229 22
144 204 68
98 432 58
453 23 51
42 495 72
222 368 68
383 309 16
294 311 65
535 436 1
178 455 62
299 506 63
25 55 20
161 235 5
443 73 68
507 25 32
26 168 20
203 273 74
167 265 60
257 282 96
111 37 5
486 597 20
494 37 58
601 91 94
6 178 94
428 67 23
324 375 4
241 424 77
556 390 89
377 552 52
573 462 38
288 198 5
152 120 56
475 494 59
430 428 7
242 498 7
185 442 45
141 595 71
584 14 14
380 57 19
2 531 68
321 62 12
391 27 50
95 233 46
54 156 80
554 460 96
261 63 90
495 46 96
129 259 21
92 509 24
588 56 38
240 540 99
491 385 12
147 8 35
366 402 37
381 242 93
330 278 38
557 95 19
132 378 46
568 26 37
524 384 18
458 193 75
516 321 42
541 46 48
347 137 15
388 329 75
230 498 66
190 521 21
154 224 73
33 70 94
235 155 26
33 89 26
301 63 39
241 570 48
414 159 24
332 369 29
523 76 94
248 127 77
115 404 23
13 92 99
274 486 55
275 554 80
95 579 2
560 349 36
473 517 22
309 86 55
569 528 93
45 42 21
42 255 62
507 48 16
344 316 38
5 488 18
236 116 48
86 3 71
325 523 71
230 157 82
102 465 10
382 598 99
557 180 32
398 86 56
46 414 3
199 321 37
178 315 96
113 66 66
311 279 8
553 586 18
573 486 37
582 223 5
429 338 39
132 425 67
44 35 45
481 558 36
421 260 71
526 150 91
176 401 99
171 347 70
591 548 92
515 327 47
160 478 13
477 193 99
270 578 78
547 154 43
508 1 76
530 197 20
171 217 86
530 588 92
592 44 16
335 187 73
519 31 82
296 57 60
523 172 32
89 495 59
259 88 4
499 435 7
402 446 77
205 34 52
509 283 41
285 155 68
433 298 33
186 571 86
140 17 77
91 307 23
548 360 65
318 431 75
63 506 25
66 212 13
305 520 96
382 439 81
40 458 42
144 404 29
189 4 74
282 300 31
303 38 13
425 49 51
411 230 6
332 233 53
343 576 68
544 420 6
482 166 50
91 248 89
395 259 50
170 569 85
474 107 25
401 574 10
319 25 41
149 120 3
207 590 80
290 334 49
444 315 37
494 352 68
494 170 14
419 296 60
310 137 6
45 314 34
147 486 24
271 80 1
300 346 17
34 42 9
359 331 30
377 61 64
460 13 1
361 108 55
491 311 56
420 156 50
538 576 71
366 522 100
119 263 12
265 503 6
432 256 64
292 580 70
409 466 88
135 104 96
132 218 17
15 278 8
554 132 87
215 133 78
553 256 6
136 99 82
53 474 45
365 510 19
484 11 84
452 397 91
472 134 63
331 402 94
549 562 93
305 419 93
63 94 91
10 409 66
307 169 29
577 95 74
178 96 53
298 252 29
55 466 74
311 397 11
141 115 56
318 470 22
204 298 76
591 238 37
402 507 39
506 113 68
204 416 71
453 457 14
244 436 10
395 188 4
322 552 66
173 389 17
124 15 63
565 571 69
599 442 74
193 500 13
222 191 72
186 228 32
115 12 16
79 505 4
216 38 54
165 592 46
315 89 96
82 14 41
38 172 68
487 482 14
451 568 23
239 484 15
187 176 74
128 139 58
105 68 31
124 2 43
295 579 11
154 601 48
106 335 11
124 273 40
279 144 11
90 421 65
48 386 99
567 175 51
24 237 57
115 296 99
75 577 52
478 462 20
39 120 52
589 570 74
575 458 15
270 370 57
528 409 98
121 213 93
111 258 6
413 559 3
311 35 34
424 213 26
243 579 62
4 135 62
250 508 66
586 235 34
317 322 34
96 312 83
237 211 26
206 502 37
223 251 24
360 175 83
113 488 38
48 572 60
228 320 60
168 152 61
597 181 27
42 446 21
57 56 11
423 159 56
594 363 94
437 53 53
499 176 62
5 178 75
507 526 42
128 505 92
101 417 99
101 338 26
477 207 52
252 565 59
125 480 52
231 561 80
118 193 51
160 253 32
71 576 99
500 150 5
181 591 36
303 88 21
431 180 49
242 119 55
480 339 45
335 441 21
105 46 88
74 399 75
581 83 14
171 503 56
217 122 71
293 121 59
509 556 25
501 530 92
564 2 84
369 69 67
458 57 97
278 572 81
11 189 13
276 287 47
122 84 51
207 259 42
103 107 78
40 186 18
210 274 37
316 208 47
206 246 96
60 510 40
67 417 41
341 371 14
340 31 14
34 151 81
179 497 36
92 252 70
24 239 57
568 224 39
529 309 38
170 397 67
90 28 32
477 89 85
88 314 53
64 362 98
140 415 82
235 346 1
179 336 6
496 229 86
579 582 97
128 457 41
563 56 57
553 111 45
146 337 72
182 521 87
588 430 31
2 39 10
524 74 13
110 523 32
536 127 95
196 118 76
92 84 19
163 477 90
356 211 4
590 362 18
127 592 47
261 160 35
158 65 21
158 286 33
278 109 10
415 479 92
94 13 97
15 283 29
435 335 52
266 364 98
99 166 21
249 290 38
20 139 55
326 516 89
538 368 76
35 316 16
1 83 76
143 386 76
247 415 73
21 411 54
545 150 79
438 308 96
271 318 38
155 531 96
242 359 83
189 300 59
499 547 51
24 12 54
329 517 50
180 291 89
570 573 77
351 399 37
51 265 7
207 34 20
111 274 32
247 370 88
73 38 71
390 341 20
433 510 35
327 313 67
401 592 39
461 299 18
580 89 76
510 395 96
113 515 78
87 547 35
560 444 16
546 135 56
415 114 5
63 152 59
597 289 76
87 312 59
104 252 98
245 351 12
367 146 94
169 312 81
74 268 74
299 287 67
482 400 58
101 89 90
187 249 4
501 220 57
255 343 81
266 358 31
94 226 72
532 574 67
544 475 75
437 77 32
308 481 7
167 270 7
67 571 91
542 212 1
49 340 65
553 304 75
557 539 83
2 197 67
190 11 61
564 252 89
58 258 25
557 395 46
535 559 11
388 341 30
360 297 93
148 321 79
400 230 19
7 114 84
57 139 70
259 53 53
395 160 99
351 600 8
174 76 23
329 485 78
102 345 48
445 548 47
363 88 66
536 530 78
18 448 58
344 193 66
357 563 75
127 525 74
518 465 7
197 253 97
4 104 90
90 329 50
372 204 42
549 229 30
102 268 30
40 357 76
142 324 26
141 187 21
133 90 52
600 198 15
372 488 43
77 375 87
104 516 14
459 61 36
478 236 88
312 532 88
492 449 79
444 208 81
371 188 12
86 447 49
287 226 61
424 86 21
253 136 77
250 349 50
453 297 2
26 398 78
331 429 14
160 475 13
130 31 22
495 64 98
353 22 94
187 448 21
365 519 59
51 90 22
321 351 19
239 198 89
345 115 12
196 144 51
94 334 82
159 226 35
33 202 70
178 575 74
22 433 97
171 418 98
266 268 74
481 263 75
384 478 44
386 498 93
407 509 52
224 363 98
173 180 1
14 391 8
576 409 65
185 319 89
324 72 80
366 259 68
313 398 64
334 467 84
595 27 21
79 44 50
288 300 31
116 554 5
346 416 58
408 6 28
391 74 41
265 7 59
259 448 14
401 591 93
232 241 65
312 225 17
221 79 87
219 201 6
476 201 53
200 558 17
80 371 78
104 35 21
138 501 39
435 277 48
177 24 84
196 289 32
207 282 32
390 336 30
186 232 30
166 389 53
253 281 58
236 600 28
373 126 96
330 555 1
323 314 80
18 155 58
81 30 37
473 300 90
257 379 47
536 193 68
450 79 26
583 500 6
546 520 40
78 195 73
466 467 99
525 129 77
398 158 82
468 37 65
594 356 42
8 56 66
579 137 88
112 398 79
561 74 93
17 2 26
486 479 36
524 314 40
147 221 45
394 237 65
352 357 76
209 170 91
115 26 10
505 372 21
44 316 52
62 589 96
243 180 72
136 58 60
536 101 57
594 168 59
406 421 73
234 132 70
157 223 73
65 550 97
168 74 36
381 255 80
76 110 38
459 367 86
560 33 91
288 597 51
162 549 11
228 17 74
322 469 94
376 134 52
394 177 5
190 308 96
550 330 36
31 37 77
161 156 52
283 72 98
290 321 26
11 1 35
231 315 51
242 314 10
313 468 28
296 271 64
88 352 68
278 241 12
74 488 28
446 158 45
210 41 46
540 51 65
455 353 85
528 218 57
160 516 94
488 269 57
85 318 79
422 32 69
367 191 82
523 408 76
470 244 62
489 16 51
311 502 54
232 392 40
286 418 16
325 440 41
214 471 35
15 366 78
483 245 92
391 347 29
345 170 74
225 438 60
57 429 2
113 414 55
91 503 84
177 232 89
33 563 45
6 58 9
293 503 9
463 194 83
296 471 15
317 232 32
576 33 20
524 277 49
161 330 18
529 387 68
284 464 80
478 483 23
585 601 28
543 467 73
45 587 64
404 197 21
183 155 20
325 238 26
373 127 21
230 475 46
356 98 72
42 18 61
279 481 47
149 368 72
471 561 86
268 595 18
119 380 23
416 197 78
49 178 65
432 34 50
267 181 66
217 580 41
326 188 26
583 231 2
313 466 42
432 130 7
440 347 10
236 63 85
578 219 24
242 125 64
500 361 28
110 40 83
389 193 83
122 481 64
47 237 59
277 247 13
78 588 55
113 400 95
549 77 36
255 150 52
213 362 27
331 302 89
557 253 35
408 109 31
470 68 8
345 533 77
100 335 15
550 174 84
544 12 50
298 60 72
526 496 20
510 433 10
302 397 68
17 317 36
193 70 66
297 106 19
364 271 43
464 33 66
450 584 8
401 442 72
432 182 40
318 562 37
160 189 61
315 94 45
442 320 6
313 82 47
147 175 44
188 435 75
359 226 47
208 325 85
380 481 14
545 299 62
112 457 44
316 328 17
446 194 38
556 170 59
412 307 97
251 184 96
294 412 22
505 195 1
411 588 2
125 21 15
137 548 32
127 450 34
62 140 74
490 435 42
586 475 55
249 549 29
78 265 12
471 424 56
244 312 47
248 339 42
500 139 75
71 442 18
146 20 8
587 5 21
66 63 96
66 60 19
213 43 23
53 429 17
90 483 28
434 144 77
300 564 96
58 503 81
369 224 55
325 277 28
26 177 73
228 439 45
263 275 26
120 350 78
110 208 95
457 58 2
543 252 86
83 464 30
480 241 55
51 446 3
456 85 55
70 121 58
412 388 72
256 272 58
63 571 88
595 162 81
190 285 94
188 313 52
547 343 12
281 40 72
15 187 52
556 158 60
425 155 59
486 199 91
262 54 65
362 360 22
66 566 56
443 19 18
123 524 34
279 585 55
406 340 14
164 149 90
68 130 89
77 44 94
540 588 40
544 297 11
296 72 33
63 429 77
296 165 80
212 351 54
501 597 4
332 238 65
81 582 20
266 498 27
440 292 51
165 446 92
128 66 74
410 579 41
366 392 74
65 263 76
304 292 80
151 544 44
530 111 38
150 321 26
517 439 9
143 48 51
368 531 47
495 341 66
500 45 31
297 318 86
309 336 44
541 544 41
335 211 57
474 188 23
379 361 48
170 37 39
60 412 67
362 137 20
541 383 53
594 446 73
13 80 41
310 8 9
149 371 80
591 136 20
474 584 24
245 328 53
135 498 74
592 316 47
254 453 86
139 599 20
85 496 64
400 377 41
105 331 92
382 524 38
472 324 1
303 590 13
157 110 13
507 472 11
548 416 60
599 215 70
336 251 45
203 154 98
466 549 24
494 470 45
250 490 29
65 401 35
185 25 32
548 568 54
317 30 57
426 276 47
593 53 89
367 65 56
491 339 31
22 586 94
227 200 17
68 386 59
320 368 40
257 156 9
500 120 86
382 195 96
244 592 79
374 499 68
461 36 2
390 588 91
472 586 64
582 303 10
366 187 82
517 572 61
431 64 46
107 305 89
37 286 97
248 39 72
77 340 65
428 498 76
124 253 12
527 173 40
414 456 86
513 351 78
348 107 32
9 448 61
15 14 50
135 31 30
536 269 81
254 410 52
244 405 64
271 411 57
61 602 38
505 533 29
312 16 4
42 62 90
382 393 72
517 190 98
412 463 46
447 452 69
60 354 29
31 73 74
598 548 99
170 245 65
213 264 98
213 511 29
539 489 68
247 302 11
439 597 39
591 253 21
90 225 35
207 106 35
506 200 10
329 314 86
403 115 91
414 276 74
116 445 32
276 541 83
210 220 34
387 6 75
307 292 58
420 398 89
581 166 20
149 350 88
219 218 58
215 54 59
484 521 11
219 218 70
343 274 84
224 108 66
109 511 86
575 352 43
148 366 66
104 316 46
476 519 11
420 310 73
426 84 14
98 82 15
93 515 26
33 367 48
78 596 89
542 395 95
144 184 21
111 347 92
567 142 71
529 547 39
491 402 78
265 406 53
457 360 21
410 62 54
240 561 84
210 93 57
482 82 13
453 316 80
224 414 20
585 555 78
585 336 94
44 593 53
593 555 82
96 76 60
64 256 32
158 191 82
411 436 83
194 275 42
383 546 49
47 447 73
210 133 89
89 117 47
415 534 17
601 435 68
51 535 4
495 277 67
65 26 48
589 163 82
402 505 44
311 213 46
335 354 51
431 67 97
380 243 25
132 322 40
129 546 54
487 14 5
382 189 47
276 52 59
53 83 71
396 246 78
440 364 5
194 562 9
24 205 18
449 159 43
551 71 92
432 514 99
293 447 46
288 272 42
161 99 6
476 162 7
250 32 48
51 114 58
112 212 76
280 75 16
288 440 72
243 61 66
535 374 9
494 524 61
123 13 65
190 466 32
105 415 74
581 74 42
392 525 26
1 323 100
364 322 19
602 578 93
590 279 26
210 478 39
403 386 93
141 414 93
271 209 82
361 38 98
214 519 17
512 341 11
289 206 36
72 366 93
396 580 20
322 427 95
238 160 96
369 384 54
413 452 69
247 296 49
487 504 69
190 70 61
189 146 81
593 409 89
304 382 54
429 2 65
285 127 39
591 145 3
455 382 64
312 212 19
100 52 11
195 84 61
416 7 74
489 48 66
192 159 6
71 324 67
482 300 94
508 6 60
400 70 61
99 73 58
568 465 73
426 161 85
93 425 18
158 593 100
441 365 46
592 512 8
486 196 60
173 334 95
49 78 34
589 216 7
467 182 14
353 17 54
259 316 96
474 21 42
268 102 69
73 458 46
380 333 97
314 497 63
181 523 12
10 266 22
223 440 90
563 380 4
82 564 72
347 261 78
235 274 52
212 436 95
533 399 67
260 447 8
292 125 32
316 324 94
30 2 67
320 436 40
30 14 80
507 488 97
560 27 65
395 257 18
585 285 30
470 507 32
602 188 38
459 552 34
427 466 77
211 509 25
458 413 79
283 35 20
225 135 7
376 567 94
443 370 32
360 473 24
208 219 37
200 465 48
396 195 50
216 292 9
227 409 21
196 240 49
527 171 53
241 487 100
274 357 95
198 61 81
176 267 66
181 230 63
136 21 34
562 233 71
28 177 50
567 323 5
414 222 4
99 520 49
346 231 77
228 598 29
412 354 69
491 484 75
556 281 22
45 318 24
520 180 26
320 497 40
151 433 66
479 413 36
31 304 3
477 78 42
276 200 79
514 381 66
456 180 94
57 236 9
159 232 97
521 45 79
586 213 27
250 128 95
420 117 47
581 554 65
25 85 40
481 6 24
505 84 24
565 123 84
557 441 86
248 226 41
391 396 74
156 59 57
92 404 6
499 489 73
283 144 53
400 446 84
182 46 44
421 308 3
360 150 96
293 363 23
12 142 86
589 286 35
325 125 98
81 505 92
94 510 14
208 18 86
266 227 100
370 477 67
563 570 10
409 345 79
332 390 93
423 362 7
334 479 51
501 91 92
92 33 99
367 521 83
477 146 50
582 465 23
521 30 66
351 260 97
137 449 63
476 22 16
450 314 89
298 233 31
197 521 37
287 421 53
87 150 95
134 350 69
563 413 44
568 323 3
129 219 93
500 76 27
503 412 27
461 137 73
549 60 80
495 307 9
220 159 54
441 402 25
101 98 51
37 35 80
514 422 48
264 164 98
484 303 9
503 123 94
300 362 79
160 589 37
343 354 50
463 448 92
556 301 99
584 409 61
419 87 47
107 565 5
153 28 3
49 173 25
3 58 56
81 564 7
530 151 52
461 28 98
91 353 9
410 74 46
88 140 96
588 435 95
367 205 17
336 234 6
31 128 7
285 454 81
327 305 94
393 332 70
207 274 40
56 601 8
583 453 44
268 289 50
297 458 27
430 453 85
2 68 20
508 381 66
11 587 30
422 477 50
135 568 22
558 137 64
271 424 95
556 458 36
448 271 62
420 597 34
579 199 20
168 336 56
277 304 54
273 552 69
431 275 45
420 549 40
468 44 19
88 345 57
516 332 61
338 392 53
571 355 83
248 506 95
207 121 32
403 213 24
67 82 7
600 358 54
156 42 69
460 173 65
576 368 48
228 482 2
350 151 4
37 144 2
284 473 64
492 217 44
336 302 42
432 302 95
512 494 83
210 314 20
468 576 51
381 569 67
555 96 88
137 101 8
339 498 5
172 412 66
217 334 5
136 162 10
373 256 65
368 439 16
601 142 85
370 233 62
204 116 86
40 94 80
41 518 86
507 260 60
66 507 82
207 51 69
521 130 17
561 341 32
91 72 82
127 76 87
478 14 65
78 306 92
482 540 80
394 73 3
33 416 88
293 466 42
527 174 99
97 86 83
597 594 91
372 257 20
245 374 44
492 392 57
454 378 48
507 528 9
179 560 58
330 562 7
322 2 34
464 503 85
126 589 87
8 537 57
97 22 25
572 375 21
7 551 82
335 579 92
481 552 97
502 203 84
349 414 100
267 96 70
311 263 18
521 51 28
398 405 59
303 318 81
222 10 100
596 517 58
136 380 37
63 190 34
542 518 65
46 51 92
324 601 31
225 479 97
201 369 60
179 186 97
46 217 83
547 37 29
72 590 61
22 204 45
6 139 72
75 19 13
41 100 42
64 102 55
160 468 34
552 544 82
554 338 49
233 585 51
228 454 5
221 581 87
202 466 38
222 434 83
582 494 57
94 487 46
426 227 27
27 67 82
25 404 67
330 58 33
233 293 53
451 352 32
272 224 85
529 546 27
486 272 2
259 531 70
25 501 40
15 576 72
417 252 37
65 39 80
356 343 41
176 331 66
553 103 86
542 159 93
242 332 83
587 503 85
276 457 3
106 580 63
595 139 50
292 531 53
595 237 49
36 164 15
445 98 73
118 292 85
598 22 18
143 582 36
295 282 95
173 460 95
542 11 6
162 2 14
176 595 59
171 530 76
442 293 40
67 1 36
213 538 7
387 11 37
413 58 90
354 118 45
20 170 4
303 524 99
563 91 53
228 544 34
74 67 69
208 121 78
88 441 1
23 267 100
404 319 16
145 94 57
6 144 69
451 444 40
601 149 79
86 567 67
533 100 20
169 543 33
514 571 18
287 37 87
402 442 67
349 433 73
91 490 4
392 336 37
122 177 51
521 341 16
469 336 2
348 226 19
314 243 93
545 375 29
312 513 8
390 86 80
407 589 10
461 374 77
41 138 18
60 317 21
598 403 48
107 432 24
246 85 85
362 260 16
166 462 28
312 584 9
41 249 55
467 64 23
143 515 20
136 591 69
277 269 4
512 77 72
280 247 64
232 230 87
82 487 1
168 474 99
49 72 87
226 157 12
347 1 44
483 423 67
128 194 16
430 130 79
229 597 47
82 89 41
70 312 3
549 72 51
48 342 99
237 221 73
424 225 53
137 69 33
591 334 9
502 48 41
134 273 58
573 68 34
433 77 83
156 181 94
264 455 98
359 26 13
453 390 85
480 472 65
67 134 15
215 597 25
331 511 48
142 309 60
217 33 42
292 244 66
224 535 20
587 579 84
158 40 92
451 250 17
283 583 14
426 371 82
75 74 88
282 391 3
127 474 3
215 310 42
321 172 15
113 550 41
434 427 27
2 531 18
301 261 16
224 220 43
190 125 55
81 50 71
7 435 61
406 358 64
139 143 19
31 550 54
314 202 87
534 224 34
460 489 81
15 373 15
264 126 48
166 51 7
496 287 85
439 102 78
516 214 42
570 215 43
573 217 49
141 79 33
337 369 5
149 224 13
36 155 66
473 476 83
512 411 7
572 146 75
157 515 44
108 550 2
352 147 73
168 2 91
320 24 27
4 447 48
337 106 3
362 531 29
474 433 76
465 256 36
558 257 39
289 334 45
358 235 73
242 59 39
320 558 65
91 39 76
295 477 56
268 176 59
88 13 31
558 442 65
535 17 45
262 363 31
20 265 69
323 39 92
582 209 2
436 397 85
301 89 75
363 461 64
578 217 11
224 367 86
506 503 58
305 372 82
349 67 9
544 114 24
47 356 99
176 478 69
104 578 61
20 96 89
447 487 95
569 19 67
155 443 68
156 468 2
445 481 67
392 225 8
514 94 90
1 370 54
163 363 59
278 179 37
145 205 65
481 86 44
196 112 20
479 374 90
412 40 30
81 474 12
187 117 38
60 203 82
74 574 78
483 481 70
356 227 21
381 170 85
209 84 13
227 542 61
208 416 35
450 528 46
24 550 59
199 574 19
575 506 71
226 596 43
31 537 56
482 43 88
449 357 16
350 79 30
340 262 47
188 504 62
514 493 86
226 179 70
54 511 27
177 418 7
479 166 5
424 503 17
92 262 65
405 419 65
283 265 43
65 520 57
331 318 65
410 306 19
593 389 63
386 113 1
73 147 40
154 136 59
406 490 74
246 567 10
512 171 10
598 308 21
535 507 81
216 165 20
198 376 16
80 425 70
274 4 67
103 215 82
543 354 9
13 4 77
280 516 64
292 231 85
130 417 82
118 482 88
10 92 55
565 240 39
98 517 86
552 49 42
593 363 28
11 46 4
486 93 63
354 401 23
322 203 3
483 460 57
284 54 15
273 52 21
239 240 60
186 246 25
357 12 78
350 58 61
456 346 55
474 110 50
89 140 56
355 207 55
507 425 68
333 243 32
553 281 58
222 462 15
481 306 93
510 366 85
364 482 29
218 395 44
253 86 29
247 223 31
398 167 49
264 461 38
194 398 81
564 388 16
535 588 38
140 317 79
217 509 3
78 169 49
395 207 55
503 561 96
245 196 70
104 86 15
216 581 5
192 421 38
182 181 93
347 157 79
203 420 95
292 431 41
68 586 7
492 433 100
224 391 56
479 436 50
276 107 82
318 502 47
276 46 48
51 435 60
98 121 10
389 250 16
568 37 62
223 217 4
503 181 84
50 363 54
354 16 94
575 84 100
589 467 22
244 283 96
444 133 3
148 208 72
471 360 2
384 335 34
42 405 32
92 465 95
305 218 80
196 192 51
140 488 9
298 96 69
128 15 95
265 563 7
268 568 54
559 459 71
363 159 60
81 122 81
418 580 13
225 582 60
204 512 17
470 591 100
589 307 27
509 565 14
529 158 85
255 430 89
413 389 94
66 88 24
191 140 21
568 543 53
215 321 18
447 161 26
298 424 99
272 177 43
527 559 19
246 470 5
325 67 31
504 113 76
539 309 79
594 411 48
304 92 43
241 145 4
48 567 9
191 56 71
516 493 35
168 131 54
469 138 30
99 309 56
579 212 12
165 122 89
309 578 28
331 80 61
555 266 14
442 436 51
336 342 38
123 380 64
599 395 73
547 565 9
595 236 38
401 18 53
345 273 34
492 150 84
265 32 91
312 540 41
332 500 47
275 27 80
26 287 53
490 273 17
199 510 55
118 532 53
554 61 45
537 174 40
500 235 9
598 173 97
185 523 90
285 30 39
320 599 72
36 34 100
250 154 38
228 410 95
541 83 16
47 107 24
262 388 30
77 428 91
393 348 26
106 205 69
341 434 77
55 299 44
598 328 54
539 66 32
153 363 1
78 449 100
231 256 8
175 318 26
303 92 42
238 134 100
84 115 63
1 497 91
7 322 62
461 162 36
42 115 61
60 488 91
395 426 72
133 74 91
67 165 26
446 397 37
396 370 21
279 278 94
588 353 20
306 293 95
80 465 36
553 461 16
81 33 98
165 352 33
342 221 20
367 317 22
403 113 42
496 359 14
133 524 58
75 217 76
442 113 34
131 421 57
576 491 9
396 100 10
177 209 2
538 136 29
314 424 88
432 377 98
558 304 9
380 170 15
420 7 9
263 327 53
345 362 7
206 85 34
573 369 35
338 562 56
471 3 89
590 106 12
551 61 90
215 486 23
530 174 21
282 88 59
441 66 18
523 484 8
199 167 91
415 67 21
533 119 86
504 314 8
119 395 80
541 222 74
334 36 59
154 71 24
78 252 31
15 266 43
537 425 72
413 182 54
164 499 80
502 45 40
495 553 36
374 300 42
545 109 52
36 144 44
275 484 31
81 18 65
374 66 37
436 19 82
543 506 30
340 87 19
95 543 67
362 577 75
533 414 99
339 38 14
439 398 2
462 549 48
303 299 36
126 157 69
109 346 47
227 501 83
159 529 80
365 206 85
123 18 95
106 528 78
118 451 46
339 545 29
29 199 17
37 417 29
3 275 53
327 363 52
385 596 68
123 534 62
455 229 80
147 143 39
579 573 19
581 208 16
217 249 73
559 83 36
154 188 21
34 362 54
262 444 75
110 254 77
119 102 87
359 559 23
257 250 17
46 457 29
514 575 51
86 235 55
294 393 48
231 267 19
428 306 88
437 538 27
450 290 65
58 563 13
496 240 26
342 591 82
497 570 52
62 218 39
110 504 72
176 110 77
176 269 86
52 85 51
37 302 53
192 69 64
398 499 42
341 461 35
91 491 93
580 316 51
